11101000011100111111100010001011100011010100000001111001010000111000001001100010100000100110011011010111110110111110010100100101001111111001101011010100100110110110001000101110100111111100100000000011101100101101010000000100000100100100100000011000011100110000000110011101110011010100001011011000101111011000001110101001111111011101111
11110101110101001100101000001000001001111101111110001011011011001111101001111010100001101010111000100110001101111000101001100011110101001111110001111101010100111001010001100000001011000101011010111100000010000111100010101110010101011010000101111011010010001111001100111000110001001011101111001101101001110011001010101011111101100000101
01100001110111111010001001001101000011000000101111000110100101010000100000010000011100101011110100101110011111100101111111000001110111111000110110000110101011001001000110111000101000100001010000011011001010000001010110110011111100100101010110011000111110100100111001000101101001010100011011010001000111111101010110010111110100011100111
11101100101010111111101000110000111111000001101011111000011111110011001001101100110000001101111111111101101011111110001000100110100100100101011101111100010000000111011000110100000110001110010001101111111101001000101010100100111111011100010110010011100110100110001001111100010001011110010000100011010001111111001100110110011101110011011
00010110111110101110000010110101100010101001100110100111110010101011110110110010000110100010101101111000010010000101011101010001000111100110011010101011110101111010001111100000011010101101111001101000100101110111010010100011000110000000111110111100100111010100111110110010001110100101010001011010101110110110010111010101101100101011100
00000100100010000101111100000001011010011111100001101001011011011001010101000000100010010011000010000100001000010110110100111000011100110110001111010010110010110101000111110110101101110111001001100001010010111100011001100100100101001001001010111100110001000000011001111000110011001111000101110100110010101001110111010110001100001001100
10010011000100000011110101000111110010110000100101010111100100011100000110001011111110100010100011011111101100011101111101110001100100111111111010100000101101111000100100110001001001110101111001010011111010111011001011001101111011100000001110010000100011010110001100100001101010010110111010010100010011010001111111110101101101101101011
00110010101110101100001100000110110111001000000000110100010110010111111100010000100101101100000110111010011111111100110111000011001100111000000010000010110001100011111101011010010010111001011101110011100001010001111010100110011101111001110111100001101111001000100001010110100000000101011001101001110101011010001111011011110100111000011
10011010110011000100101000100101110010000110010111011001010101110101100000100000011110001001100011111101010111111100010101001001100011100110110100000010110010101001101100010001001001101011100010001010001110100011101010010010101010110111010101101000001110001011001011110011011001101111011001011100110001010101011110010000101111010111101
10010100100101111110111010111101001000010100111110100011110000010100001011000100110101111001111111110100001010010100001100000110100010010100111101001010110111100100000100111011001001111000001111111100011111111011100011001000100111001011010011100011101000101101011111110100101101001000111100100010011011110110000110100010000000100000100
11110101000010010100010011111101100110101000010100011110100011001001111000110000100010110111111010110010111110011110010111011001000001101010010011000010000010101110001110101001011010010111101010100111100001000000010101110010010001011001000000111100101100101110100110010001001100110111111100000101111100011100000011100110100110110110011
10100000000011110110011100000010110011100010100100010010110001000101110010101110000100001100000011010111100101101010110110000010000000111101011010000000100100000000100001011110110110010100001001101001010000010100010100110011100110010010100011101100100011101110111100110101101001101110100000010100111011100100101010110000101101100010010
00001110000000001011101011101111000100110001011101011000111011111101100010000111100111010111010010010000010111110011000000001101010100100000000001110000100110010100000011111111100111001010110011100101101001001001111100011000101000000110001000100011011000101011110001111110010011110011100111001110000001110000101111111111110100011110100
11010100000011011011000101001010110111111111111000111111000011010000001100010011001100011110001010000001110000110100000001110110101110111011101000011000101011111101101111001000100101101100001111110000110011100111101100111010010101111000110001010001111010101000000100100000010011101000001110010110010101000110000001010100000101001100010
00001110111010100101110111110110111111000011110101011100000100101101010110111110111100100000000101000110111110101000001111000111000111100011111010011100000111000010111001011100101100110001001101110111000110110101011110101010110111100110010101000000110111110101101100100111000111110011101101000111010101111100001011001100001000001011101
10110100000100011100110000101100010010111100011110100101010101100010010111000001100001110001001101111011000010000111101011101000011110000111101111111100100010001000010010000001000001001100101111100010001110010011010101011000011111011001111101000111100000001111111110101111000000100100100000011100101110110111011010100111000011011101010
10100110001010101000101001011010000110011010111110111010101111101001010011111000010110011011111101101100000001111011001101110011000011011011110010010000111110100110101010000011101101101001100001100110000000000000000000000000000000000000000000000000000000000000000000000000000000000000000000000000000000000000000000000000000000000000000