101001001010111011111100011110001100011000110100101011011011011100110010101000011011110101110010010111101001010000111110011001001100100001001101001100100111011010011111101100110001101000101101001010011
001101101000001000010000000011010010111101000101111111001111001010010110100111101101101000111000010010100111010011111100101111001101110001111010110010000111001001110101110010000000001100011101001010001
000010000100011110100100001010110011101000110011111001111011100011100110100101111100111101110001001110001101110001001101100001110101000011101001100011111101101000100101101101100001111110001000010111000
101000101100110011110111000010101110110001011110010011111111000011111011111100110010010101001011010001000010001111110101010010111010111100101001000000111000110000000110101001011001010110001110000000101
101101001110010001010110100001101100001111110101010001100010101111011101010101100101101001110000111101100111100111010111000110110111000111010010110111101110010110111111000011111011011111110111010100000
100101101010000010010011100111111001010011010101111010111111000001001111101100100110111011011000101100111111110011111110011101000000110001100111101001010101100101011111001011111110101001111000010001010
001101100101000110111100001101101011010100011100000111110111011000100011001001000110110111110100010011011011101100100111110100001100001110110010011010011111101110000111001011010110010001111010011001001
000001001111111011000000100010110000000110110110101000111010010010100000111001100001010101110001011101110101010101011111011000000111111000010000101101111100011111000011000101100101010110110110111111100
010100010000011111010001100000101100101000100100111101100101011100011010101000011011111110110010100001010000100000000011010101111101011100110111101111001100111001011000010011111011010011001100111100011
101111010110100010000011101111110100100011101111001100110011011101011110011011010100000001100100111100010001001100110001100100011001011101100010000111010101110000111100001101110101011111110111111011001
010100110011101000100010001011011101100011011110001001001001000000100011100111101001101100001011111111110110110110111101011010101110101000011011111011010011000101111001010000001110000100000111001100011
110011010011111111100101100100100010100011001110111100000010010011101001100101000000101100111011010000111011000010011101100110000010001110011011001100011011111111011111111010111011011101101110101111111
111110100000111000000100100100011101110110110101101000011110101111000111111100001011000110111011010011010101001011000011010101100001011110000110111001101000011011000111110111010010001110110100100110101
011111001111000000110111111111001001110101101011110011010100010011111111010101111100000111010010101010111101000110010000011001110111111010110111010010011010101000010101000011100111010010111011110000100
001111101010010110111010000101110111110100100010011000001001100010010100111110100010100101100111000011000101101011001110010000111101000111101111110010010000011110000101010111010001000110010011010001001
111010100100011001011000111010010111010101000001010110100101010111101100000011011100100000101011100101000010100011111011100001101010111010100111001110100010001010111001110110100010101101001001100000001
110010000000011101111001011000111100100000000001000001110000100110111011000000101100011101011101010100001100010011101010101010100111001100100111000010011101110101000100011101100011000111110111011100001
010100101011010100011110000010010000110111010001100001011100110111110101010100111100110100010100001101110100001101110100000000011011111001100011010010011001100000111110011000010001101011010110000001110
111011000111101010011110101011111000011111000100110111011000111110111110001010001100001011011100001011011010110111110000110111100101000011110100000001110000001010110011011011111110010010100011011110101
011010101011010010111100010110001101111001011100010110100100101110001000010011001110010111110110010010110000000101001010001011101010100000001111011111111101001110011110111101101100110001001100101000101
100110001000010100111000111000010111111100111110111100111101100010001101000101111000010010111111101101000010010100110000010101000110111001011111100101101110100010110010110011000111100001101111001111001
011100111011010101010110101001001001111001100001111101111100000010111010010101001111011111010011101100100110011011000001110000100110100010110110100010110000111000110110101111100100011100110011001111010
010111011001001110100010111101110101010111000101000111011010101001001000111111101001000100100000000101101000011000101101001011100011111010000110110011110001000101110000010110001111110000100111010001110
000101111000100000111001011010001100000111111110001001101111101111001111010100100000110011111111100110010101000000101011001010001101101101000011001101110000101101101001100001010100001101001001011110111
000011100100101011011001100000011111101100011100001001110110011010111111110110111000111101100000110111101001011101101101010010100011001101010111110000011110110011011001011111110010101010001010100001110
010000111001100010101001010011001001010110011100011010000100010011000110111100101100100011010010010101111111011101011110100111001111000000110101111111010100111011110101011110101111111111100111000011010
111001011101010111011000000100010110110110001110110110110110111110010111000100010100100001110010000011110111110110011010100011000111011101001011011000110010010000000010110111001010101011100111010000011
110011100100110101101111101111001110000101110000011010011110111000111110110111010110100011010010010010111000001011101011000101001011100000000000000000000000000000000000000000000000000000000000000000000