100111110111101011101101010100000011101101110000010111101011010011000111001111110111100010110110001011010110001110001000100100001110000000000010000110100011010110101000111001000111001111101011011111100000100110111000001110001001011101011
010011100010110101010100010010101111110010000111111101001011001101000100101100011100100011110101111001010010101110001011100011111000110001001010011110100101100110101100001001010111110001110001111101001110101101011010000101110010001101100
111010000110000111000010011011100110111011101011101000011101010000010000111110101011101101110000000110100111101011011100110101001100010011000010001011110010111100101110011101110111011000101110100111111001110010101001000011111010000001100
110110100011010010100001111110101000001001111101111001001011001000010110000000011111110110111101100001110100110101000000010101101001010101100100010111010110101010010010010110010100100011100100000011000111011100000111111010100100001001111
100001001001101010000110100011010100110100001110010100001100011011011110001101110001001010011010010100101000011101010000011111101001111111010010010111000111001110010100001100101111010010000100000010001011110000000000011011110100011100100
100101110100111101001001000100000001110011011010010001001100001110010001100100010100101110010011111001111110111011111010110100011101111010011001100111111100001111001001000001100011111001111101000110011011001111111110100010110100101001100
000001010100010001001111011011111100001101010101100010101101111101001101011001010111110111010111011001001111011011010011001101101110011111101011111000001101001001011111101101010110101110010011100110111111001000000110011010001001001000000
101111111111010010001111101100011101100010000011000100101111001010110111111101000011011101011010001110011011010100001110111110000010100011011001001100000110110110100100111110001111000101000000101001001010000110101000010111011100111100111
011010010111110000000100110010010011111010001011111101110010011010011101110100001100100100110101010111010101000100010100001000100011010000100010110011000110111000001000010001111100101100001101110000110111110100011011011001100010100011010
101110110100010101010101011111101110100100100100111110010011111100101000110101000100001000100101111110001101010110011001110010010100000010111000011010101100111011000010111111001100100110000000101010100000111010001100001101111011110011111
010101001001010001010100100001011001110010011111101001011011010010101111000000011011111100011010000000101010101000110010111001111001011111101000010001110011011100101100110000000000000110101001001110000110011100000001101011101010111110001
110000011100100000011000110011011001010101110000001101111001100001000110100001101000100001101101101000011100110111001110101011011111110111100110010000101100100000001111011110010010001111110010110010100111010101110110111110111101010110111
000001100101110011011010000110001011001101001000110100110110110011101101111000110101000101101100111110000111010101000111011000001011110111010010000010110110001000100111100101101110101010110101111111001101000001100001110111100011000011001
010010001100101000011000000110001110110111010111011100000100110111011111011010010111101011001000011100001100010001110011101110011011010000000111010010010010111011100011010000110000001101101001001110110111000101001101000111001100000010110
001101110110010101111110110011001101001100000100011111010001110001010101111010110111110101110011101100000000111110011010110101000010101001101110101011110100010010101010001100011101001010011001011110110000010001011110010101100100011110100
100001101110010011010101100011101000110101100111110000000011101011111010101001110111000000111000100100110000100100111110011010110001100001110111101101001101000000000000000000000000000000000000000000000000000000000000000000000000000000000