000110101100110101001111101100010101010011111110110001001010000011000001011011111000110101100011100100000100100001001010100111111101100001110110001101111101000111010010010101001000110001011101101001110
100010110111011010101010101001110010011011010001100000000110000011011010100000011100110010111101001111000100111101011110001101101110011001101100100000101010101101010010011110010011110100110110011000010
010101001100011000010110001011111001110011010100010110011010011110001110110101010001011110111101000011011110001000000111001010010011000011011011011101010110101010000010110001110011110010001011101000001
101000001110111001101001110010000011000010011101101100100101100000001101111011101100101100001111011010101111000100101011101100010010010011011011101101000000101100011011010101010011101010011001000010111
010010000010011100011000011011111010000110101000101000100100011100101111000100011110111110111011010111011010001010001101100101000011001010100011111011001010111100100000110001100010010000101101100101011
100111000101011110110101001111001111101010110110001110001000011001100101101100000100110101100001110000101101111010111100000110111111100000000111101101000100001000111111110010010100101000100100000000100
001001000110011010110111100001101000001111101101000000110011111101111010000110111001010011111111011011010011100101000110000100111011100011011110111110110100110001001110100000111011110011010111100101010
111001001101000101110111001011001000001111000001100001101000111010111000011111000100011101011001100010010111100111010011010100100010000111001010010010110111111110111011011010011001111001010101110010001
000010000110110111001001100100101111111010110011010000100110111010011000000110001000100011001011010110100010111011010100010111110101101101000111000110110111011100000000100101100000111111011001100011010
000111010100000101100010001111111001010100011100011011001001100000111110010000011001001011010100110001011101101101011100100011010111111110010101111100000111100100100011001101111110011010111111011001011
000100101101111110011111001100100111000001000101000110010001001001100101001010011110001100000001001101100000111011010111000111011100001111100010101101100000111011000011101100100101011101100111001001100
011100101110100110001000000001101001111111101000101000111000001110110110010011101010001101101100100100010000110000001001000010010000111011101110011011011100100101001110101001001110101011001010110010101
001010011111110011011011011110010100000100110000111001111010101110101100011110101000101001001000011111011000001110101011000010100100011011000001011100001110011110000110111011110000101100101111001101110
101111000100000100110011000000001111100110100100100101111111111110101110110110011010010111010111001100000000000110100000110110101001000111101001101101110100000100100111100101000000101010000010011100100
110011100111101110001110111011000000100000010011100101010010110001011111110010110110110101101010111111100111110000110101001111001001010011001000000010100000001001010111111000011001001111001001111011110
101011101111101001110010001111110010110110000001010011111000110010100000100111100110111000010100101001011010010101001101000000001001000011101100101010011110100110010110001110101101010011010111010001000
110111001110000111001000111011101001000001010100101001101010110101111100010010100111101001011010111110010100011001111111111101101110110101011010110100000011011010110010001011100100000110110011001101000
011010001100110000000111010000010001101010100101011101011101100011000110110001101101000100111110101111001010011111000000101000111100010101011010111011010100100001011110100111110100010011110010011111010
100000100001100110010101001100101101000110000101111101011010111100000001000100010001010010001111010111000000001110110001111110010110000100010111101101000101111000101000001010010110010101010110101011001
010110101101101011011010001011010000010100000001110110000111100100010001010010010001000000100101100000010111010010011001101010011001101011001101001001011011001101000101101110111111111101111101000111100
010110111100100001111111101011111110010111101010011001010101110001111110000100110100010101010000100111100011011001111101100111101101000100100000001001101000000111001000001010000111110100000110001010000
111000110001010101100010001001010100010001111000000111111001111111111110101000100011110000110011000111001100011010101101001111011101100111110001011010011101000111101100000110101000101100001100101111011
011011010001111010000101111110010011111100010110010110011100011101111001100001101110001010111101001011111000100001111010101000110111011101011110111010110101010010110111011010101001110011101010110111101
010110100011001110100011000010110111001000010111100110110100100100001110010011110111111101010110100101111110011000100100101001001000000101110010011101011101000000111110110011001100110110001010100100111
111111001010000100100001001000011001111001100111001010000100011010010011110111111110001111001010100001100000011110100011010100001001110100001000011101100001110001011011110100110000100101100010100001100
100100111111110001101111000001011001000110100001001011111111010100011000111000101001111010101000110110100001100101010111110101101011010011100111001111111010101101000010100100100011000001001010101011011
110101101111111000001001100000111011110001110111101000001001110111001001000010011100111000110101111010111100010111000100000010110010110000011000011111011010011111100111000000000101110000111100100001101
111101101010111110000111010100010111010101111011011101100111101000111000100000100011100100011010000001111110111001010101111001000110010000000000000000000000000000000000000000000000000000000000000000000