11011100000011111111101111010010000000011001011100000101100000110000111010101101100101111101011000110001001001111010101101001111010010001111100100101100110011000111000110100000110101110010100101000010010110101110011101001111111011010101000011111110100010110011011011100000001001100101001011110100110001001000011001111000010100000101011010111011010011010111110100010100001000100110010010100101000
11111101100101000101110111000110000010101111001100001101011010110000110000100011100100000100100110110100010100101101010100100101111000110111110101011111110000100101010110101001110000010001100001000101011010000101100010111001011111011100010111101111010010011000111101001110110110111110000110000000011011100111001011001010101110111011111101110000100011111001010110000101100111100100011011110010011
11011101010011101110000110001100110100010100101111000101111110100000111111000111110010100111001111111000101011100111010010010101010111001101011001010011101100100000111011100100011000111101011111111011011111110001010010000110010100110011011001011100001110110000011101011000101001100001110110101101010010000110010101111001100001011010110101011000110010111100111100101000100100000101111000100111001
00101110110010000000110100010000110001011110000010101001010010110111011101101010110100110111111001101111101111011001011011101011101101100111100010100100011100100101000101110111111011101101000010101011101111011001001101111000001100000001111111101000011110001101001000000111011010101111100010100110100011010111000110101011001111100001011010010110011111101111001010011111001010001011011100100000001
11010101111000000010001110010111111001100001110100100011001001111010010111010100001001010010111010100101011101001000010000010110111001100111010011111111101000001000011111011111011110011011001100101000000000000110010011110110011000010001110011101101100100010001111110001110011010110010101000010011110101010011101111111101110001100011100000111010101011000000111100110001010001010110100101000110010
00001101110111010111001111100000101000010110110100110100000110000100110100001001111111110011011001010110111000010101000101110110010001000110110010111100000110100111101111110001001111000110011011111111110001101011010101111011110100001110111010111100000110010110101011001100001010011000100011101101011110110110100110010101110000001111101100000011000110101011000101000010011111101001111100011111101
01101000100100100101010111111000110110101100110100001010100100001100100110011011111011000011000100010110100110110001110010101010001010101000111011011111011110101000001010110001100110000001011001101001010010010110000111001010101110101011110101010111000000000010010000010000000111000100100111010110000011010011010011001110011011110110001111101110110110000101011111111111101110101001000100000101111
10010001010000100011001000110111011111011011000010100111110011100111000111010100001000011110100010111000111010000100001001001110100110110110010101101110011011101011001101110111011001100100011110011100100110000001110010000000010010110001100111111111111001110010101101000111110011011101010011110011001101010101111110101110010110111000010100100000010111110111111010110001010010001101010000110001101
11110101001110101001111111011101001111011010010111101011101101101010011000110000011011011100100000000101101001100111000111110001011000010101101001110000101001010110100101111000010101010110101000111011011111000010111101110111011111011011011100000110010111110001111111110011000011101000011000110010010001010010000000001100111110101111001000101001101001111000001010010000010001001001001000100000101
00101111000010001011100100011100110110001001110111010011110101000001110011000010010011011111101100010001000110100010101000110100101011000101100011111110110111000000000000000000000000000000000000000000000000000000000000000000000000000000000000000000000000000000000000000000000000000000000000000000000000000000000000000000000000000000000000000000000000000000000000000000000000000000000000000000000
