1001011010101011001010111000011011100010100010001101101100010011110110111101000101110111111100011011000100010011010100101111001111001000000000101001011100111100011100101001100001001111101000001000101101111111110011110110011010010111000001111100110011111010011101110010100110011111011100100110101111010010100110010001010011101001100000101010001010101111101100100000010101100000011110101111010111111001010001000111011
1010100110010011100100110110011011110011101011111011111000111000101110100101100001111100001111111000001000011111110101000111111011101101111010001101101110000011101011100000001110101000001001000001001110100110011011010101111000100010111110111101111111100100011011010101100111110001011010110111000011111010001000001101111100010111110001011111110000011110000010010100101001011101101110011101010111101001011011011110100
1000110001100110001010100111110011100110110101100000010001001101001100110010100100100000000000000000000000000000000000000000000000000000000000000000000000000000000000101100101110111011101010011011000110011001000011110100110110101010100001100000000101100011100000101111100011101100010010101100111111110000101101011101000110001100110111110101010111100010101111001110011101010110010100010111001111101101101011110011011
1010100001111100110100101110100000001101001111110111111010000011001011111110010101101100001000101100001100111111010010010100110110000111000110011100110001011101010100011000100100010101111000101110000000011001011111011111100010000111110010000000100111110001010101111011100011011110011101111110001000010100110101001010011001111010110011101110011111000110101110111010100011111010101100001000110110111010011110110110001
0000000000000000000000000000000000000000000000000000000000000000000000000000000000001101100001010100100001001110010110101001001001111011001000001110001110000010100001011011000111010101111011000011001011101110110001101010111011000001111010100010010100000111001101111001110101100101011010010110011001010011100100110111011100001011001010111111110100101011000111100100111110001011110000110010101000111101111101111110111
0110000010100110011000010000101011011011110111101000101011000010100100011100101011100001100110100110001101000000110011000000110111100100001011100101110101101000011101010111100010111010100001000110100101101101001011010111011110010100000011011000111001101111100101011111010011001000001001100010000001100101011010110001010000010100101111010011111110001111001110010110001011000010111111101011101001001100001101101010110
1000000101011010011100011111010001111000001010011110010110000100010011011101011110011100001101000110010100110000000110011001101010100011101111100011011101010000000000001111110011100010111000111000000001000100100111011001010010101101100001100010010001110000111111100000100001111111010100011111101110110111101000110110111000001110101101110110101110000111101011110110101111111110111101110100111011101001001001110001000
1010100110010011100100110110011011110011101011111011111000111000101110100101100001101100000111110010101100001110100101101001111110011111000011101011111011101010111100001111101000100011000000000100001000000010010101110101110010011110010010101010010110100010010111100100110011001111000110000001101111111000000001100100011010000011010100010100111111010000001001001110101110011011000000001010110011110110000001110011011
0100101101100011110110111010010001110011010010011110010100100110100100000011000010010101010110000001111001000100100101111111001110011111000110101110010101010110000100110001000000100110101001111001001011011010001110110101010011001101010101011011000011111100001100010011100000100011011101011100110101111011011110111101001000000110111001010001111100011110001100100000000110000011010101001000110011110001111001010101101
1100010110111001110100010001010000100111001111000110011100111111101001100100110001010100101010000001000100101100000100100111100000010011111010010100101000100011011110000000011110111101000001100011101111111010010000110000001011101110010101101111010001001010001001000001100100011010000111111000010010010111111110000101110000001100111111010010010010001000101101100110101111011001110101011001101010000011000001001010101
1110000111111100000100001111111010100011111101110110111101000110110111000001110101101100010000110100100000111000110011010010111110100001100100101101001010010011111000010111001100110110111000101010001000011011001010101010010000011001100000101010110000111101110000100001000010111111000100001000100001001010100100111111011001000111110100001101001111000101101110001000100111101111111111100001110010010111111011111110101
0110111010010110011000101011111001100110001100000101111101010011000110010100000111000011010100100100011100010000100011010110111110010101101111010011000111001100101001100000010000010101001000100010100001011100001011100101110011001100101011010010101110111100100111000000000011011001010010011101100110001001101110011111010011101101001011100010111100000100100011000010100000001110011001011011000111100010101001101000111
0011111010001000110000000001000010000000100101011101011100100111100100101010100101100010101000100100100001111000000010001110010000011001010011101001111010111001110011001010010010011010100011000111000111010100010110100110110000011101100010001100101111111011001010010011100111111001001010110011101000010001101100110001011001000011011111111000011000100111000001000110111010111001101011110110111101111010010000001101110
1100010110111001110100010001010000100111001111000110011100111111101001100100110001010110000000011011111001111011110101110111100001000100111100010011100001001001000110001100100101101111011010000101101110000011111010111101100101010101111001111010101100111101111011011000110000000000001001110001100101110011110010000100010100001001011010101010100111111100101101011010110100001011111010001010011000000100110000101101111
1010100001111100110100101110100000001101001111110111111010000011001011111110010101101111010001101000101100110001110101100001010001000100111001010110001111110101111110000000101110001100011001101100101101110110000001111101001110001101100011110010001001110000001001100011010000000111000110010010001011101110101001010001011110011110100010111101011011101001000100101000010010100001111110110100111101111101101000101011000
1010010010101111110010001110111001101101010100000101111111110001110001001010011011011100000000100110101000101110000010111010110011110101111111111010100100110100000011111101010101111000101011110011100111010101100101000101110011111011011010111100110110001101101111101011110010000101010010101111011000110110101010010000110111101100000101110110101110000111101011110110101111111110111101110100111011101001001001110001000
0110110110011010001110101000001001000101001000010110101100001011111011110011010001000100111010010011001100111010110101001111101101000111100001000011000110000100100101010001001011110010011001100111100011000000110111111100000000110010001101000001101011001010111111000010010101100010010101110101110111001110111111100010010110011100110001010011010011011100001111101100101010101001011011001110100110110001101100000000010
0010100101111001100110100110001000011010001101001110100110110000000001001010111110000100110111110011110000100100110001101100110100010001110001011010111111100000100110100011110110101001110010010000001100010111000111001100000001010111000101010111001011011000000001101111100111101111010111011110000100010011110001001110000100100100011010001100001110010001001100000010100010011111010001110110111110100101010110110100010
0101110011001101101110001010100010000110110010101010100100000110011000001010101100000100101101010101000000001100100011110100101101111001000110000101110111111101100001000011100011000000000011101101001011110111101110110101011001000110001000100010110010100100000110000101110101110011000111111011110101010001111001001000000001101100001100001111110111110100001000111010010000110111111000010101001010100001110100110110001
0001011110101110011000110000110011110101100000110100110000100000111100001001101110011000110111010101011000001010110011010110000111100100001110100000011011010100100101110100100100100010001011011001101011110110011101010110011010100000110000010010101010011001001011011110110100001011011100000111110101111011001010101011110011110101011011001011110101101110101111011110111101011111000011000000000110010100100001011010000
0101000110101110110110100101111001110111000101110011101001111000011110001100100011010101001100100111001001101100110111100111010111110111110001110001011101001011000011101010101001111111001011010110101101000010111110100010100110000001001100001011011111101000010101011100100101101010001100000000111001010110101001011010100111000001000100100111010010011001100111010110101001111101101000111100001000011000110000100100101
1011001010110001110100110001001000001001011000011010000111011101110001110001110100111000100000010011010100111100100101101101000111011010101001100110101010101101100001011101011110101100011011101101001111001111011100001100100000000100000010100110011110001011000011110000110111111110001100100001100011111111000101100000000111011101111110000010000010010001000010110110001101000001101010100011011010111101110100111111011
1100100100110101111100100110110000101000011100010011010011111010001010111001001010011101100110000000100101101110110001111010000100010001110100011111010001011100011110110111000010011110110001101011000110111101010001111111101000111011011110010111001111010011001001100110100010101110010110000110100011010101100010010101001110110111001010001110110110100000101010110000010101000111010110000010000110010011011001111100110
0110000010100110011000010000101011011011110111101000101011000010100100011100101011111100010111100000100100011000010100000001110011001011011000111100010101001101000111001100001110011111111010110110100101001001011001011100000000000101111100101111110011111101101101110001010000111101011001000100010111100001010101111010100100111100001010011010011110000011000110000000100000101110011111111010011000010011000010010010110
1001100100101011010100001100001011001110110101001011110010001110101000000111101000110101010100111111100101101011010110100001011111010001010011000000100110000101101111100011101101101000001010101100000101010001110101100000100001100100110110011111001100011111011010111111110010110111011101111101101111010010110010000111101000011010000000100100000110101111100010010100111010111110100101111010110011100001110011001100010
1011001011101110111010100110110001100110010000111101001101101010101000011000000001010101011001011111011001110101010010000010000110000111000011011001011111100001101100011000111010101000111001001101101111100011001111101111101001101001100111101111110111001100010011011001010000011001001011111011001100000111010000010010100110101101001010010110101010110010101110000110111000101000100011011011000100111101101111010001011
0011111101100111100000011001111001111110000001010001011110011100000001110001010001101101100011101010111101100001100101110111011000110101011101100000111101010001001010010001111110111111111000110111000111110000000100101101101110001100011101111011100100011001000000100111000110110100010001111110110001000010011100010000111110111011110101111010011010110110000011110000110111111000000001010101100111000111100100110010101
1001101000100111000010001111111011101101110001011000100011010110010101100000111110110110000010100101100101010100000110101001110000001010101001111101010010011010101101110010100110011010010011001011100110010001000010011100100001010110111011011110100111011110100110001101010000101011000100101001111011100011001000000101111001011011001101000101010100111101100000010000110011101010011100110000101101110001100010111011101
1011111000111101111100000110101000000110001011001111001000011000010010101100001111101011110001011101010000100011010010110110100101101011101111001010000001101100011100001100001011100011000011101001000011110101111011000000101011011000011010001000100100111101000110100010110011000111010110000101000100010011100101011000111111010111111001000100101111001001100110011110001100000011011111110000000011001000110100000110101
1011000000001101111100111101111010111011110000100010011110001001110000100100100011000010110000111100001101111111100011001000011000111111110001011000000001110111011111011110001000100001111001010000100000001000000001101000010111111100011010111110100011011001100000001101010111110001010011000110100110001001111010001001101000011110101000000000000000000000000000000000000000000000000000000000000000000000000000000000000