1011001100011101110001100011110110010010010100000111100000101111000011111100110000001111111010010010110001111100001001000000010101110101111100111010110010111011010000000001010110001100110000110001101100101111001101110001110001010011010011111100000101011111111010001110000000101001100010110001110001011001000111100111111000111111011011101101010100110110101110011100110111111100000101011110101111101100111100110011101
1110101101110010010011011110000111001100101100100101110010100010110001110101011001011110101010010110011011011100011011111101010001001101001110111000000110000111001000101011100110111010110011110100011100010000110110111101100101000001011111011011001010100100111000110111011101000101011000100010010001101111011100010010110110100000001110011011111010000110110101100101000001001111010110100101010011010000101010111111011
1010011110110110000110110011110010001000011101001010001001101011000110001100000011111111111000010101010011101111101100001101010000110100010111010000111011001000101001111110001001001100110000100000001011011000110100000001010100100001101000010010010011010111001100111111100111101100111011101100100111001010010100011001110010110010110100110000001001011001110011000101011111110111001011111001111011110111010000000001001
0010100011111010110100110100011100011000010101110000011101101100101011010101000000010011001011011001100101101101001110001110101011000001101011110010001100001000000101100111010000011000010010101011011011111110101011010001000000111101011111101100010010010001111000110110100010111110011110011010100101111101110000101101010111010100111001000011110111000100010000010110100110111110001001010001010010001001000100100000110
1001110100101101111000011100100101011111110000101011000010000000001000101100101001111001001101011010110011100111000011100100001001111101100100110001010111101100100011000010011101100001001011111111001110010001101100100101110111001011001011000001110111111010111011011001001000010010111110101111011011001010010010101100101100111001110110100001111011101000000000101010001000101001010000100010100011111101110000101000000
1100010001001001101010101011000000011101110001011111100100010000001110010000010101110110110100101100011101100000101010010001010101111000100110010100110101101100111010100010010000101000101010000010111011110011010100011000000101010110001111110100100110100101011011111011010010001010111101111011010000010110001101111100010011010100101011110001010000111111000001110010101101110100101000101011100000001001111111000010101
0000011011110001001110111000100011111010110101101001011101011011101110111001001111111000011001111010000011101111110010100011010010011011010001111100111001100001111010111111111101101111001000011001101111110001110110010101101011011111001111011111001101110010001101101101011000101101010101100011011010101010100000111011100111111000011010110001110110100011001001011000100101010110000011011011011110101110001111111011001
1001100111001011111101110111000111000000000011000110001011101101101111011011100001101001101001110111110000110110100110100111000100110111011110111110010110010100100110100001111011001101011101110110011110111001110001010111101101010010011101101110010101100000110010100111010001010100000001111101010010111101011111010010101001001100111010001010010101101011000100010011111101011101101000111111001100010010110111001110100
1010000000101100110110101101100100101010001100111010011010101010001001011101101101001101110000111111111011101110000111111011000110101010100100010010011110110010101011011101110101010100101010110100011110011101110000001010011111101100010111011000011110011110000010001000011000001011100001001010010111101010100010101101101011100111011010110100000010001101001001001110101010101000110001000001011000101110101011100111011
0110001111011111110110110100111011111001111010100001110011101010110111110110111110010110110101110001000110001011110011101011010110011110011010110110011101101110111100101111110110100011110010100101000011010100101010000111001111111001000000100011001101100110110101101010000000111010111111110100001000111010001010001000000101001111100010110000011100101000100000110100101111000110100110100101111101101011110110001000110
0000110000010001100110111111010011101100110001110000111010110010010101011010111111001011010101011110110111101110111101101000101100010000011011100111011111100011000010011100100011001001111001100110111010110110101110001001111000011111001001100110111001100110111100110111111110110011010000101110001100110011001111101111011110001110101000010110010110101011010011101101111110000110101011011011111110101110011100000101011
0101111001111111111001010110111110110110000010111101111110010110001010001101011100001000010100110100011010001000010110000000011000001110100011000001011111101101010011110000110100001011001101001110011010100100101001101100110101111101110111111111000000010011010010011010111001001110101100000101110011101001101011010010101001010100101110011100011001010010000000111011010110010000010110110001001101101111000010101111111
0001100110111111000100110001010101101100010011001100011000101011000000000101101110010101101010111110110001100000000111111011001110011001110100111001010010111111000001110001001110110001000111101011100100010100001111011100110011100100010101110000010001100100100100101010000101100001000011000001111011101111001001000111110111111100010100110111001011110101111000010000010110110011000000010000100111100001101010001110000
0100101010001011001110110011010101100100110100001000101111110011100011001010010010010100110001100110110100010100111000001110000011100011000000110000101001101010110100000000010110101011010100101011101001110101010011010001100011011100011101000001010101011001011011110100000100011011111010011110001110001010001110010111101100010101011000110001010010011101011100101001110000000111000001110110110110011101111110000110100
1101011010010011000010001101011011001000101111100110011111011100101011101110101000100101110000010001001100001010010110001000001011111101101000110001000001110110111101001001111110011010100100100100010101000111110000000100101000001011000001010011101111010100111100111000110010100011000000110110111110111010010010000101111000011110000111001000101111001100000000110111110011111010011000111000100010101100100001101001111
0000111000100110010001010001100110000010010110010110011000110000101000110111100101111001000000001110101101110001110110001001010011100100011110001101101100011010000001011111111101111101011000111000010100110110100010000101010011010011001000000000110010011110010100010000011110101000110110011001010010100111001111100101011000000001010111011001011001001000010010011010011001100010101111001011100110001100001101100101010
0100110101110110000010101001010000010000111001000001111101001010111111110011101010011110001000000000111100001011111011011111101000110000100011100110100001100110010111000000111110101100011011110000001100101000000000010000010011100110000001111100100111010100111010001100101100000011001101101010000000000001000010110001100001101101010101110100101100010100011110110100111010011001010001000001111011111111100001001100000
0111010010111100000001010111110101101010001111111001111010111010110001011011101000111101000101011001100101101101100001001011011010010100010101110110001000011000100100010110011001000011110011010010111000000001011101100101110111000011011111101100011101001010111110100010000001111111100000101101010001101001010001100001000111111111011010011010111110011011001010101111011100101110100000011010000111011111001010010101101
0000010101101001000000001101110110011100000101010001011111001001100011011001110101010000001001111101110001110011000111001100010111001001100110100100010000110000111010100101000001111000000001101110000000101011010000000011000110011011010000001011101000001111111010000111011111110101100000110010011100000001010100010011100100110101010000000010110000000100010000110000001100000101000001110000011011010100010001101001111
0011000110010001010000100000011011111000000101111011001101110100100000011101000110011011101101101000100111111000101111000010101100010110101100000001111100101011000110111100101100011001101100100100100000001101111111110011011111101000111111100111100000001011010010011110011101000111111110111010011001011101001110001011000001011100101111110001010101000001100011010000010100011001100101001000001010010010011101001001101
0001010100100001001111000100111111010110101111110011111111110101011101101011010000101011101100111100000010000001111010101110001000011100001111110111011101001001001000100000111111000100000111111001101000101101101100001111000011110110011010101001101101110110000110111100100111001011010100101000011110110110110011110110101011011010101100101100011011111010000000111110010111101011011111000100011101010010111100100111100
1100001000000010110011011110111101001111010010010000001000101011110010000101111000110100100011100101011100001001010000000000010111101111001010010110000100110011111000101010111001001100010001011100000100110100011100001111001011010011011100000110101011010110101001110010000000010101111011110101011110100001001011111100000001011010011010011011111100011000101111111000011101110011110011111010101101111001010000110100111
0000001111111010011110110101010111100000110011110001000100110000101111101001010101111000100101011000000100111000000111110011000101101001111011010000010110000100101100011011110100001110100001111010101101101000011100111110110111000000100000001110011011011110101001000010000001001010101111011000010001011011111010010101001110111100100100001011111111100001101010001000101011000101100111110101000000100100001010111010010
1101111101100111111111100101011110010101111010111100011101111001101101010110000011111000110111101100001011010101100101011100000001110100101110011010000001001001010011100110111000110001100110001101010111001010010110000101001101100000001110110011010000110000101110011001100110010010000011011101101101110000111111111001001110101000101011010100111110000100101101100100100010011001001111101100101100001000101100011101110
0001000000001110101100011100110000011110110000001111101101000001001100101001110111011010110011001001100010101011100011111110011110001010010011011101000010001100000001100111000100110100101000001000100011101010100111001111011111000110011100011110011110010000101001001000000000000101010101000111001011100100011011001111000010010000110101111111100011011011001011100010001010000101001111110101011110010001010101100011010
1011111010010101111000111101010011101001110110100000110010000111000001100100110011101000000011000011101001010010011001101101110110011101110101001110101100110010110110001010010010011110001100000011010100100110011011100100011000001000010001010111111111111111001101100101010100001111011011000001001110111100010001011100110100100110111001100101011000101010010100011101001010011000110110100110110111001111011000000101001
1011111011000101000010100101100100010000011100101100010100110011100101100110011111101110001110101011001000111001101011010010011110010111001111100111110010110101110000111000001010010101000001011011010010110011111110011000100110000001111001001110111100100100100000010110000100011100100001011010010100101011101010011101100111001110110111110011001110111100111000011001010110110100001011001001001100000001100010100010010
0000111100110010100111010001100001001001001000101000000100101011010110101010110011001000110000000001110111110100111110011000110010101011001101010110011011101010010010001100110100101101101011011001111111011101000010111011011010101101010100011111001101010101101100111011011111001100111111001000011111100000101100010010111000101101111010101101111010100101010010000101000110011001010011100101010100000101110001110111101
0111111111010110001110111100111110000011110111100101010011011111001011001110000011111110001101000110111000110110110001000101000000111001100010011110001000110010010010011000101000110100010101110000100001011100101000100111011001000101000101100001110110111101100111010001110101110000000010001000010010001011101011100110101100000111110010001001100111010100110101110000111000000000101101011110000101101101110111101111001
1010101100111001101010111111100010000010000111010101010101100100011001101101011110110000101111000110011000001111000010010110000100011011100101001110101010101011100000001001010000001000110111100110110111111101110101110000100100000010011100110010010000100110110110011111111001011101011110011110000101111110101001111110110110101111010000000000000000000000000000000000000000000000000000000000000000000000000000000000000