00101101110000111100001000001110001110011110110000111000101001101110111100000001011011010010110001000001101100011010011110001011101011110100110110000000111101000001011101100110001010110011100110000100110100111010111001101110010000010010110100100101000001111101111011010001010110010111111100010010001100000000001010111011001110001001010
11100100001110001010001010111101100110001011011100001100111000011000001100101000001010011010101101011010010110011001000010111001111100010000110101011101000000101100100001010010111001010010100010100111110111000001001010101110100110100110110111101010011001000001000111100010111111111110000100101100000011101111101001000101000000001100001
01001001101011001111001100111010111000100000011101110110001011110010001110001000111110011110111011100100001011111000110010110011001111001110001010101110101101000110100110001111100010011100010101010000010010011001100000011000110101100111110100001111001110110100011001000100011101011100000011110011000010010011100111001001011010111110111
11011010001010001100010011101100101110111001111111010000001010000011100100000100010001011011101101000001101000101011010110011100111101110101001010011101010101100110000100110000010011100111101010001011111001010101011110011010110011011110000001000010011110101101011111100111010000110000011011011101011010000001100110010110011101111110011
00111010001011011010110011001011100011111001010010001001011011011000101101010111100011001001011001011110001001110111000001010000101010100111011011001000101110101111110011110111011110011100110000010001000111101111011110110101000000010100111000001000110100010101010010111101010000111110000110101110101010001101100101111110001011011011000
11010100010110001101000110110111101111001010011000000010011110111100011001011100100010110101000100010011011111001011000100001000100111010100011011001000011100111101110101110011001100011110000000110001000100101110011110101001011000001100000010111001011010001100001110110001110010000000001001110011010110001100111000110011110000100010001
10010110010110101000010000011011101010110101111010110011001101110000001111100110111001000000110001101111001000000010011101100110001000111110001110100111000111101110011101111001001101101010101000000000101100110011011101001000100001100011110101001010010001100011000101111000111010011100000101000100001010011111010001100100011000001011010
10011100100100101111111101111001100111110101010001000111100011100111100000010000011101011101110000010101101101011111000000001001111010100000101111100111111101111110101001100101110010001011011110010010011000101010110101001000110000100001011001010010010000111000000100011000101000110010111000001011110111111011000101100001000100010111111
10100001010100111000001010100001110000011011011111100010011001110000110000101010111000011100101110111001010010111000001100101111000101101100001111100010000111100100001111000001010110100111010100011101100111101011101111111000001101100111101010100110010010000101011100011000000100000101111000001000000111101001111011011000001110101110100
01101001000101101110000101011100100001101010011001111101111000000100110001100001001101100000101011100011101101101111100001011010011111110111101100101110100100001111101001011101111000000000101101011111100011111001010111101111111011000010011011101100010100101100101011110110000111111100000100110111001100110011010001001000010100101110100
00101111100111010001011100001110110011001110110101100110100100000110101001000011111001001011110010011001001100100001000000001010110101110101001010100001011110011100011101001100001100000110000110111001000101101100101111101010110000001000101011011101001001001110010001011000010011011110010111110010100101111001001100110100100100001101101
00011011101011101000101111101010001000110000110111110000010111001000100001011101011010000101100001010001110110111110110111000111000000001111100000111011010100101001010110010110000100101110010110110011110101111111010100111001100101001000100110101110011010100010001101101111111010000001010100010111011110011011100010111110101001101001010
00111111111110000111001100000100001110110110001111110010111001001100010111001000011000111101101100100101001011001110100001001110000100101001111011111010111101101110100000001110110001100111001100101110000011101001100001111010110100001110100100010110011011011111110100000011000110101011001100110001001110101011111001111100011101001101000
10111111100010100011110011000101100011011001111000011000001111100110101100000011010101111010010000001011101101100011101111100100100011000010001010111111100110000010011000011100000001010011001001000100001010011001011101100000011001110011000100101101010111110000111100001010011100110000010011110001000011101000001011101011001001010001111
10000001011010011000110101001100011110000011001101010111000110101001100110100001100001110011110100110011001001110011011101101010010111100010100011011010111111011110110001111110101000110001111011011010001001001100000000001111010101111000011001110110111110101000101100100010100110001011100101011011001111010010111001101100111100010100100
01101110000101101111001101100001101001111111010001010101100010001100100010100111100001010101111001000001101111110101010110010001001111001011010011010110111001010001011001011000001011100001101010011011011110011000100000001101001101011100000001100000010100010001010001100011011101110110110010110010000000100000000010011110101010000111011
01100011000001010101011011000100110101011000110111011110001011001000100000001011001001000110011010110011110010111101011001110100000101111001000111110000011000110100110111111101011100000010010000100101100000000000000000000000000000000000000000000000000000000000000000000000000000000000000000000000000000000000000000000000000000000000000