01100111110111101010101101101001100000100001010000110101101101100111110101011010010110010101001101111000001111001001101000000000101001011001101011111011100001011100011011001001100010011100111111001110100100101010001101011001010101000100010001100110100101001010100000110100100101000110110000010001001100011001010111111010100110101101101
10101000001101111011000110110101110100011111000101010011010000100010010011010011010101110110000001100101110111110101010111001011101011111010111010000001000111010001100000100111100100110101000001111111001101001101100101100101010010110011011110001101000111000001100110001010000100000010100011000110011110100100111011011110010110001010100
01111001001111111100101010000111000011011001110010110011100100000111110000110101000101000111101111000001100101101111010011111110110001001110011010010010011101010010100000100110110101110101111010101000101010110101011000011111101110111101101010010000110010000111110001101111000010001110011111010000100011010001100010110100000011100101100
10101011000001111000010111101010111010010110011010000101001001110111000000001111101000101101011101001011001000110111111110011011000101001001001110111001011001100100110101011110010010100010001000101000001001111110111011001011110010010000111010101101101110100111111111011110001111110010001011101000001000101011001001101011101100111111100
00010111010110000110010011111100111100100001100110001000001000000110000001110111100011010000101000101011011110011110111101000111100110111101010100010010100000100011000111011110000010011111101011001100100111000101110011010101010100110111101110100111100000010110111101010000100010011011000111001100101010010001010110010010100111010010011
10000001010011001100010010111011011010000101010100001011001001000010010101110101111100000000111001100100110000000010101001001000010110101111100110000101001111011011010010110101010111110011001100101110010000110011001101100000101010101100101101000010111100001100100110010010011110010100111100100100011101100001001011000010010011001110110
11110000100111100000010100000100101000011000100001111110001101100111011001010011011100010101101101011100100010101000111000100000111110000001000110011101010100111111001011101011010011011101100110000101001111000110110111011110111100111101110111100011110100000010001101100000100010100011010010110111100011110100011100000111010010110101011
00110100110001111101000011000011000111010000010001001001010100100101111001001011100010111110011101010110011110000100111010110010001111011110010110100110001110100111100110110101010000001110001101001110010111101111111100110111000100001000010000101001000001010000100110111000100100100000010101010000010000011101001010100111011101100011100
00111000001000000011001000011010110001010010100101110110110111010100010011000011100001010011101100010001110011011100011101110011010101011110101101110101100110000001011000000110111100001101000001110100000010110101000101110001101011001010011000011000110111101010000001000110001010000000101001100110110100111000100010101000010011111001011
11110110001111001010011111110000011011001000010111001001011011010000010011100011011110110101001110001111011000010111100001001011000010011011101101111110011010101001010010110001110001100001111101100111100111111110010101000101100000111101000000000111010101001110011011010010000001011010010101010100111001011011000001100001011011101001100
01001111100001111011001101101011111111010111110011000011000110111000110111110101000111010101010101100011100011001000010111001100011100000100110001011000010111110100111011001000101101011110111101000001010100111000011010001000111011011001000001010010001100011001010100111110001111100110000111101011110111001110110001011110001010010010101
10011110001011010110101011010000000110100010011110100110010010100011110001000011011010000000011010000001110111110011000010000010011111011010101100100101111010110000110011101111011001010010010101100011010101100011101001010011010100100010110111101001100111101111000101100000001001100000010101110101101011010110100010011111111001011111000
01111011111100101011000100100100000100010001011001011110100111010001110100011010010110111110101100111100011111101110000011111011101110111101110011111101110100001000110011110010001111100111011111110100110111111001000010010000101111000110100101010100110100101010000110010100001110011001101111011000000110010100010111101100100110100011111
10110011011100110101011001110010010100011101011011110000100001010101010111000100010001001100010101001011110101111111000101110010010011010001111010100110101001101011100001101100001010010000100110100101000000101000111000001111011011010010000000010000010011000011000001011101100100000100010111110000100110000011101001111111100100010101100
11000100101101001101101001011111110001110010110100001100111000101000010100011100110000001110100000011010100011110001001001000101110100000000101011001000111110100000011100110110010011001011111101000101101001011111011111010100011001001001110100000000100110010010000011010111011011101001110111111101111110011110010000100100011111011000110
01001000100101101101111101101110001000011100111111101000000011000000001000001100010010111111000100011110000110100111001111110000001111110010110010110010000010100001011001111011101001101101011101011010100101011110100111001111011100000100101000000100110110011101000111111111101111101001100101111000110010111011011011001001000101101100100
10010100011101000101011111010100011011011101111100010100101110011011111110101101111010111111110100011101101111101011011011111110110011011011000110111000101001000000001001001100100111001001001011100100000000000000000000000000000000000000000000000000000000000000000000000000000000000000000000000000000000000000000000000000000000000000000