10111111100100111110111111100001101101000000100010111011101111101100000011110110110100100010001010010001110011000001101101110111001001000001001010001010110111110111011011001111111010011100001110111111000011111111000000101111000001111010111110100100001000011011111100110011001101011011001101000100000011011101010100111011110100100100101
11001000000001000000110110000000011001100000110110000001001101001100110110100001011011000000010001010100010001111001011001001100000110111000000011110110010101111110010000011010101100010010111010001011101011100000100101111111100000110000011111010000000011010111111111011010000110101110000100101111010001000101110010011011000010100001000
01001010000011100010000110001001111001101110010001100001101111111111110101000100111100100010000100110100001010101101001001011110001011111111001101011000101100111101000001011011101001011000011101111101011000110011100000111011110111001001111010010010011000100110100001101110010100011010101000010100011001101111100000000001111001001101001
01011000111101100010111100000000010011111101100011111111100110001000100000100111100100100010110100100111110001011001011001110111011010101001001001010000010100101010011011010110001001101011010100000011010011001101011010110001110101100011010011101111001110111100111010101110111011000110001010010010100000100010101011100000111100001101010
00010110010010101100111111001000111010010111101110100011100110101001110011110000001100011011100100110101111011010110000100011011010111111110100001001011101110100100100011101110000111000001010000101000001110100111100100101011100100101001101001101001011010011000111111110000110001111000001111110001011110110010010011001111100100011001110
10101010000000010111111010000101100110101111110101000111011101101111111100101001000100111001101000100110001110111100001111001001001111001100011110001110101001000111101101110010000111011111010001110101001001100010000100110101110111001010010101110010000001000011101001011111001111011011100011011001101100000101101010001010101010111010000
10011001100111110110001110111010010110010001001101011011110010001101101101011110001001111101110100000101100100001101110110111101101011011110101001010001011111011110110110000110001100101110110101010111001011111000100110001111101110011100101110010010001010100101101000101000110111010111011100110001100111100110110001000001010000000011111
01111100101011011000000110100011111010110000000001001001100011011010011110010110110010101010111100000100101000001000010001011010101011001111001111111110000001111101001000010100101101001110111100000011001110011000010101101111100011110101011110100101110011101100111011110000011011010110001000101101110110100101110101100111001000101101100
01110101110101011000011110110011011100111110001000000110000110101110110110110011100011110011100010011100001111000101000001000011111011011111011000000000100100110101100100100010100111110010111011110001110100111011100101111010101010010110111011100101110110011101111111011110100101111001100110101110000100111100110110011101011010111100101
01100011011011010101110010100100101000011100000110000110101110101100101010101111101001011001100110101101010001101110101101101101010110110010010000010001100110011101000011100110000101010101110111001010100000100111101100100001110100111110001111011011000001010100000000100010101100010000101111011010111110000110100101110101010111100010011
10010111100001110000011111100001001010001111100011101110010111011001011011000010001011010001101010101011011011100100100011110110100110001101001111101110110011011001111100001000010101000001111110110101000001010101101110101011100011100010010010010101000110110000010101011010111101000110111000000010000010110001001010101101100100100101001
00111101010111101011011110000010010101011110010011001111000001011000101011101001100010101010000100110101001100111000011100001101000011011000101000100110001001101111011001111010001101110100100101110100001110010101010100100110011001100011001100100000000001011010110111000100111101110110111000111011110110101111111001110011001010111001101
00101011011011010110111100010011000000001111000111100111010111100001100011001111000101111010011110110100100010010011101111101101111111111100110000111111100000000001101011110000110101100000101101001111111101110010001111000100100101010001100110111001110001111100110111000010000001011010000101111101011101111010011001110100110011011110001
11000000001010011001110011011000000011101111110110110100111010101111001100011101111101110011010100011110010010010101000100110010001100010111000011111011110110010000000101111101001010000101110011010011001101011110011010100100111111001011000101001111001101000100110010000100011111011101001100001011000000100001001111101010000000101100011
10101111010111011111011001101111010011100111010000000100111001000011011010110101110110100110110000110110101110101110010100111101011010010011001000101000111000001111000100100011100010111100111011101011111111011001100011101111010101000110110001110011001010011100000010011111101100000101010001111010100010100111001010101010001100110001110
10010001011011000011001010010110111100101010110000110000010010111010101000000011101000101000000000001100011001111100101110101010110001100000000111000101011010011011001101011111000000100010001111100010101001111110000111111100110101110100111011101000010100011110001111010011011100111000100011110011001011110010110011100000100100110110000
10110000110011000100100011100111101010111101010101010000010110101010110011000000110000011011010110111011000100000011111010000111100011011011011000111001110100101010001001100010100001101000111100111010100000000000000000000000000000000000000000000000000000000000000000000000000000000000000000000000000000000000000000000000000000000000000