11100111000100001010000111110101110101110000001111101110100100111011110010101101100
00010010011111101001110011110111011000011101101001000000101011000000100100101000110
11001010000110111000000100101011000011111000010111100101010001001101110111010111010
00100110110111101111110010100001101011000010001000001011101100100001001100001100011
10101000100101100000111011010000100111000011001011110100101100010111110001000000110
11101000110110110101011110010000010101001101101011100101000000111011110010111000110
10111110001010100101000101101001010000000011101001011010100010100111111000111100101
00011101010010000110101101111111001110111000011011100110000010010010010011011110000
11110001000100001010100001111100110111110100011010101000000111011000000110110101010
11110101010000111110010000011011101000001001010000010100110001010010110111011000110
00010000000010110011000101110010100011100011100100110111100000101110001110010101001
10100001000101100101011010100100111111001000011111101111011000101111001010000100100
11110000101001010001100100101001101110000100111101100010011110111101101100110111010
00011110011100110011010100011111110110010100010110011111101101001000010010001000100
00101100010110110110000100010011101000010100110010111010110110011101011011010100010
01111010010111101111000101110111011100100110010101001110101111110001000000010111001
00111001001100100100011001000111010011101111000100011110110110010001110000111101110
11111011100111100010000111010000011000001111110011011010101100011000111100000101011
01011011001001101011111010101011111000100111010011001011010110011111101011110000011
10010111101010101010010010000010011100010001000100010110101101001101001101101110000
00001010001001101011110111000011010011110011001100010011110001101100110101111110110
01101100100111110111000011000100101001010111111101100101011011001011000011110111011
00011010111100000100110000000100111001110000101111110100010001111010000101100000001
01011101000000010000100011101001001100011001010111101101111111000011101111010111000
10110101111000111110101011110011110010101110110010010000110111000100011110100011001
01010110111001110100100010001000011101011110001011001001100001100111001110000101110
01011000010000000000110000000010010000011011010000110010000010010000100100011001011
10000110000001000100010110101111000110100100000010100001001111000011011111110111110
10101001011111000001000000101100101110110010001100011111001001110000010000101001011
01010111110101011000100100110110110010000101010001000110100001111110111010011111110
10000110100000101101010010001100110100110011101111110101110111111010101010111100111
10010111001110001010101000001110000100101011100010101000100100011111100010111010110
11001010111010001000110000101011001110100101000010100111010111110010010010111110110
00100110110111011011111010000010101011100110111100100001101110010100010111110111110
01010110000101010001110000010111110100010110000110001100001001101110011100101110101
11101100101101101011010010110011010010101011110011101110100101111100110110011100010
10001011010010000011111110010011100011100010011001001111110111001110001111110101001
01111111011111110100101010011100001011101101000000000001101111011000011011010011011
10100010100111100100010101100001011101010101001011000101101010111100011111011011000
10000101010100011110010000110011001110000010110110000110111001100010000001100001011
01000010110100100100111111010010001101101001111011011011001001011111000110100001011
01000010001010101001110100001000010101100010000010011111001000000101101011100001000
01101010100111100101001101100110111101100110111000000001010101101010001111111001100
11001010011000001001111101100110010111100101001100100001000011111101110011111110101
01100000110010111001000110011000010100011001111110010110101000110010101011011100100
11000110011010101111000000000011100101010010110010100100111011111110101001100110101
00100110100110010101000010010010101000010111100101101000111011100010000010011000000
11000111111111010011110101100101110011111110111111110001110101011100110001101101110
01000011110101111101101110101111101111101000101110011100110111001001111101011100000
00111010010001111010000110111110110001111000110010000100110101000001101010000011100
00111111011001001111100000100110111100100001111001100110010000000110011101000110101
10000010001010000000100000001111000110111111100001100101001000110100101111111111110
00001110111100101001100100010110001001101111100000111110011000000011000111101111010
01101100011000011100001110001111110111110110101101001000010000111011000000111001111
10011100001110110101100101110100010011001101001000000010111010001110000100111010001
00010100111000110100111110001110111110101001011001101001011000111000011111111010100
00111011111010001111111100100011011011111001001011111111001101010100010111001010110
01110001000111110010001011101011101000111111101100111011001010000011100001100010011
01000110001011110110001111100001110100000011100111110010000000011111011110101010000
11011000101010110001111011100010011001011100100001100111110010101101010110100111101
11001011100001010011011010101000011010000000000101011110111000011000001001000110101
10000101000000101001111011001111110011011011011010000101100010001001001100111011101
11101101001110101110001001110101000100111001100010011110111111100010001000101010001
00001101101000111001000010101111111001110100000001001100000011101101011100100111110
01010111101101110111100001111101111110010001001000010010001000100000000110111100000
10100101001111101011001001100111111001111010100001001101100011011101000111000100111
10111000101000101000011000001010101001100100000010111010011100010011010010000001111
10010110101100110010011110001111001101000001000011110000001000001011001011101110011
00111101001110101110101000100010100000000110000010011110001000001000101010100100011
10101001110101111110010000001011001001010011101010111011010110110001110000000110110
11111100101100111101101111000101011010110101001111000000101010110100011001011100010
10111101100111110100110001111001000001010000000111001000001111010011110110011011000
10001000101100101110000100000111011001001110111010111100100000000001010001010110110
00100000111111001111000001000010110010011001000101000011100110010100110111111101010
11101001100101110000011001111100101010101110110011001110111011101101110111110001010
01100110111000010110100000011011001111111010001001110000110011110101001001000101111
01111011011100010010001111110101010010100100011000111001001000100011010101011100100
11110101010001100101111011110000110111010110100111000000000001001100000011111000010
00100000110011110111011111110001001101010111001010111001000010100110000000011101101
11010011011010000100110111010011100100011011100010010110000011101100111011011001110
10100110101111001000001000110010000100011101100010010011010101011110100001010110001
00001110010011101011011001111000111110100110001011110000110000011010100010111101000
01000101110001001110111110011000001101000010100111100000011001001010010010101100111
11110010111000111010010001001000101101011001101010101100011101010011110101000000010
01110010100000010011011011101100111101100000100111010001011111110110000000110111111
00111110100110110101001101011010001101110001101111111000011101011111101111000101111
01100101100101011111101000001000101001101101101110010010001011001100001101011110011
10000101110001111001111100100101010000001110010010101001000101010001011110010011100
11011110010011101110100010110000110100100100011100011101000010101001100111110011010
11000010001010001101111111000110101000100000110100000111110010101001110111010001111
01110001111010110100010100101011111100000000100011000010110101000001010000100000111
00101100101110100101011011111100110001110100111000111111101110110011000000010011101
00011001100101000111111010110100101011111100000100100110100110000010111100110110100
01000000011111111000000001101100000011101000110111011101101000001001011110100011101
00110011100101100111000110111110111011001100000110011011101110001101100101010011101
00011111101010110111101101001001100110100010010111011000010000001011111001110010100
11110111111011111011111010000010110000001110001101111001001110011000001110101000001
00011100101111100101011100010101110000000010100100010011000111100001000001101000110
01101101001100110000010110101011110010100101000100000100110101101101011010111000110
11111010101110101010111100001010100000101101010010000110011100000011100010000010111
01100001000010111111110010011100101001011011001100101010101000111111011110011000110
01011110101100111111011010101001001100010101101101110101111000100110110110000011010
10001111110111000000001101101100000111101000011101111011111101110101010000111011001
01000110100111011110010101111101100100111011010010000000101000110111110111010011110
01011100010110110000010001101000000000011001101010111011010000001100101001100010010
01100100100000011111010011000110110011111111000110101111110100000010010011000101000
00101011100100101000001010000101011011001100010000100111100010110001110110001111001
00010110010000111000011011000001101010111100100110110001111001100111001100110011101
00001001001000000001010100100001001101101111100110100100110010111110010110101100110
00100101111001111111000101010111010001001111110000011001110011111001011110010100100
01000001100101101011100111011111000001100011011001110100100110010010101111101100001
10101111110011111110000010001001101000000010110000011010110111010100011010010000100
00100000001001101110110001101000010001101100100011000100000001111011000010101100111
10100101000010000100000010110000000111111110111110100101010010100000001101100011110
01010111101011011011011000110000001101111010000111101001011110100101100000000000000
10011101100000101100110000000010011110110100000100110010010101010111001111110101011
00001100110101101111110111110111000000001001000011000110000100001100100100111100110
10011110000001100000010101001001001111000110101000110100011110110000000000010011100
11111000101100010001000010000000000100010111001100010110011001101101101000110010001
11111000000101100000111101011010100100101011100000111000101110110110010001110010001
01000100001101001011101100011101110011101100111001111011111100010011101110110001001
00110110011001011000000011110110110011001001110001110101110101100010110100101001100
01010010010001000000011111100010000110101001110000100001011010110100111111100001101
11111110101110111000111111001100001110011001000101110100011000001000111001110010110
00000101101110110111010110110011010011111101100101001000001011111000111000110100000
01000100011001100001111000000011011011000011111011010010000011101101010110000101010
10001100011011101101001101110010000111100111010111011100110010110101111001001011001
10011010100111110100010011110001000010101110010101001001100100101000010110010101100
10001000101111111011110011010101111111110001110011101011110111011010000011011000100
11001000101111000100100110110111111111000010001001001110011111011011101001000001001
10100000011011000000000100111101111011110011000010000101101111011111100010001101101
11110101011001010111110101010011000010100101101011010011011010001111011001110001100
11110100000110110101111011000011100011000100011110100101010001100000111000010100110
11100100011000010100011100010101000100101011001101001101100000001011001010001111000
10010111111011000011001011101110000100110110111100001011100001010111000011010111010
11111011010110000111110001001101001001011010010010100001110100011110011111001111101
10100111010110001110110111001000000000011000000011001011100001111111011010001111100
10100110011110001100001010111111110010100010110100110110101011011110001000000110010
10011111001101100011110101100000010010011000000100000001100001000111111100001101000
10110111100110000111001000100111100011111000101111110000011101110101110011101011010
00110011110011111000101101111111011011111011000100010111101100010110101010010100001
10010011100101000001001101010011101111111101000010110111010001100110010011000101001
10101101010101000111111110110110010100010101111010001000111000111101011111010001010
10101110111011001010011010001111111101110011111111010010000010000101100110011010101
01000101011001110111110101011111101011110001100110000000011010001010000101101000100
10110001001000001001100111101010000010000000000100001010111001010101110010111010110
10111111111001101010111110011101010100011000001101001010101000010111101101000010111
11000100101100101001000110111010111001001011101010000010000000000011000111001000110
01000011100011111000111001001000011100110000000011011010100101100001001010110011001
10100011111110100011010111000111010001010011000101100111000111101100100111001100011
00100110111000110010100111010100100010101100010010110011001100001100100101110000010
10101011111010100111110111000110100010010101011100000100011100101110001010110101001
10111111010100001001000101101010110011010000010011001001100101101110000010101110010
11100111100111010010011010010011101010010110111111100001010101101110011111100100101
11111011010100011111010010101100001110111110110001000100011010010011000000101111101
01000100111011100110000000010001100011101101111000110000001000110100010111001100111
01110001000011111101011111111100011010000111011000011011101100100111110101011100110
01000010000011000100110000001111110111010001011110001010011010100101001000101010011
11100010000111001011011011011001011010011010111101001110100101100010111110000011010
00101111110111010000110010100010001011111000001011011111011011101111111010101010100
01101001011011111111101010001100101001111000001111001100001000011110111111000011101
10000111000111010110101011011110011010100001101010001010000100100010011010110010100
00100010011100000100011010110110101100011111100000101000001101010010000001111000001
11100101110000000110110000100100011010000110111101000100000100110100000111001110100
10001111010110110001111100110110110000001000000001110101000101000000111011111100011
01110101011111110100111010001000010100011001100100000001101110100000011011100110001
01011100100010111101000000010000010000101010011110010001100110110010001100111101111
01111100011111111100001111101110010111100010000111101111111010010101001101010000111
00010010101111101100010000011001011001111110111011101101011001100011000111101011011
00100011001011101010001010010010100010110101000101010011100100010111101111011110101
10101001110100001000010010000000100111001110010000010101110011001101010011111101101
00110110110000100100000011000010100010001100111011111111101111100000000110110100010
11010100000001000101100110100001010010110101100011011000011011011100100011101111100
10111110010010010101010011010011011010000010111000000001110111110001011101001101100
11000111011011011100101101100110111001101001111101100110100000101010100111011110000
10110101011010011001101001111011110011110000110010100111001111100011111111110010011
00110011011000111011001001011011010111001101011010111101001111010001011010100110000
11101100001111010001111110100000110001010011101111001010100100001000000001001001110
01111110110101011010101110010101001011000101010010001101110001101111000001000010001
10100111010100100000111000110110011101010100101110010011110010111000011111101101011
10111010011110001100101011001110010110011101011110011111100011101111100011101010111
00101110001011111001111011011011011000100100010001011001111001010111001110010110010
11001010001101011111100110101011101110101101110110011001011110111110001000001111011
01001000110000110010000001100001111010101001010010101100000111011010111001101001001
11111111001000101101101000110111000111010001001111011110101001111000000010001110100
10011010111100110001101110010100101011110110110011101000011000000100110010011101110
00010000001000011010100010100000101000001011111110110101001000111100100001001100010
10100011001000001011101110110100101001110100110100011011010100111101000111110010010
11010111001100110001010011100010010010011110010011001010010001000010010101100100111
