01000101100001101000011101100100100110000101011111010011100100001011110010110011110
11111001111000011010001100011000101011011011101000101101010010100100010100011000100
10001100011110010101101111110010101001001101010100111001001010001111000001100111110
10000010101011101110110001011111110110010111000110110100011111010001001000001101011
10101000110101010010111011010011111100111001001110110000000111111011010101010000001
10000100100111101010010111010000101011010000111110010001111001011101100011010110110
11011011110010010011101111010101111101000110101110111100010011011000110101110101101
00001001111000010100001010010011000101110101001110000011010100111101001011001011001
11111000000001101101110000111101010110010000101110010101101000101000101000001011111
01000001100001110101001111010010011100011101101010100111010111011101111111111000001
01001100111110000010111111000100100001000101001101101100000110010110101101011111010
01101000010011101101001000011111001110000110110100110011110000010011010110010111111
10111000100101100001100000101010101011110000000111100010111101111011001110111101100
11101000010000110010101111100101000110010110111001111010001111111000111111111011000
10100011111010100111100000101011011111011111010010100101110010010101101100101111001
00001010100000000010001010110011100111101101110101111010000100110001100010111010000
11111000110110101011110000011001000010111010110111100100000011101010000111110101110
10101001111101101000110011000111001010001100111000010000111010111101010000101111010
01111111000001001000110001001111110000101000111011110111101010101111001011111011001
01101001001011000010111000110010100011100000000110001011111101111011010000010101101
00111010001010000110010001110101101000000010101000010110101010001001001011000011111
00100000011111110101100101000001001101101011011000011111111010110001101110000100101
10001111001001011001111111000110000000000000111101111111011110110010011011001010100
00100111100011001100100010111100111111101000100111010110000000001100000000100000111
11101111011111000001111001000010010001000001100111100011010110000111011110111001101
10011100101100000101010101011010001011111111010101000001110000110100001011101000001
00110011111011011101011111000001010001100001101000100011000011101101110010101010101
11000001010001001011111000100110001110110111110000011011111001111101110000100100001
10111101001101011100011100010010011111110010000110001101011000111111101001100010100
11111110011001111001101010011001000100110000010000001010001111100101010001001100011
11111111010000100101010110010011111101000001111100010100110010111101011010011101001
10110100001011100100101100111011100111000010101110111111110101101110010100000001110
00000011011001001101101111010011110111011011000110010000011111011010000001011101001
00010010111010001001011001101111101110011111110100100111101000000101001100010101101
01001010101101011010111001100000110110000001010011101100110110110011011110010101111
11000000101010101011000111110000100110011111100101000001010010111101011101110000101
11111110010111101011101000000001010101111111111001010000011010100010110000011111011
01101111010110101111110111001111011101111001010000101100011011101110111111110100100
01111100110000110100011100100110001011100010001101010100001110101100011100100111110
11010101000100110011100101110000100111011111001001001011000010001011111110011111001
11101010011011011110010000101011010110001100101100100101101101000100011101101000110
00011100010010001101110011001011000011100101001111111110110010111111110101110101001
00000010001000011000110001011101101100001000000101110110101001110010101001101001111
00000001111101100001100101111011011000001100110000011000011001010011010010000001110
01111100010011100110010000110101111101110111010110010010111001100100100001010101001
00000101001001001000000011101000111110011011101110101110101010000111010111001111001
10110000110100101101101101100110111000010100111101000111100111000001101100010001101
01110100111011001100001000101101001000010001110111100101111111010100001011110001111
01010000000010111010111100001011101111001110010110001101000011100011011110101111010
01101000011101001001010100000100010010100000101010011000110011111101111100111110101
01101110001100011011001110101010101110101101001110001011101000101111111101101011000
10100110010100000011111110101111100001101111000111110000001110010000110100001111101
00100101011000001111101001100001001111011101101100101010100110100111100010010011101
11001100011011011011101101010010111100100101010001101110111010001110110101000100000
11000011101111110011110110010010010011001100110001011010110111111110010111101001010
10010110100001000111010000100001111011000010101001100000010101010110101011100011110
00110100010110101001001001010111100110100100101000011010110000010000111100011111101
00101100011110001101101100001001111001011010011100110000010001000000001011111011011
01110111100110010100101011010010000000110101000011101001011110000000010011001110100
10011110001011111110000010110001010101111101011011001111000011000010110010011000000
01010001010101000000010010011001000001110111011101010100001100001100010011100000010
10111000000110000110111010001011111001101110010010101010111110011011001011011010001
01001100010001001010010101100010011000011000111101011100110000010111111100111100101
10011010110110110011111011010011010111111011111110011000010011111111011110111011001
10110011011010010101010111001110000101000011100101010101000010110111100101110010010
10110110001000010001101001100110110101111100011000010111111100111101111000001100101
11001011001001110110010011000000111000110101100001010111111100011010100010110001110
00001100100000001100110000100111001011000011010111111000000001110010000010010000100
01111110101101011100111001111001101000001010110111110011100001001010101100100010111
01110001010100000000101000010111000111010101001101001100011101110111010100010010110
00100100101011001110001101011101001111111010111101110001101100101100011000111111100
01001001011110010100010010111100100110111000010111111001001011100001011011000001000
01000001010000010100111100101001101001110100010000000110111100111101100011001000101
10001000001100101011101001101000111010001010100011100011101101001011011110101101100
10011010100011011111100011001001101011011001111111011100101001100011100111100100100
01011100100100011000110010100111111010110100101000000010001001111110000110011000100
00101011011100010011011101000001110101000011010011110110011001011011000001011011000
11100001011011010111101101100011001011111000010100100101101010110000000000111101001
11010011011110000000110110101011001100101011000110011001100010101000011111101100110
01000011010010101101100000100010000000111100011010110111010110001101110000101010010
11101110011100110010011010010111001101000011010001110000110000000001000011000000001
10010110101110011001010111101011011111000111000110100001111100111001100110000001111
00110000011000101011101101100100011000110011001000010001001011000100010101110010100
11010000101111000000111010000111010101011110100111111010000100001010001001000001111
00110010100010100100010010010000100110101101000111001000100001001010000101010000110
00010011010100101010100100110010101100011000100011011101101010000101011010111001110
00110110101001100100111011010000010101101011111010001011001010001011010001000111100
11000011100000010100110001001000001100010100010010111000000100010110011000001110010
10000110001001101110000010000010111100101010011011100110101110010101011110000010101
10101101011110000110000000110000101011101101110111010111001110100110101000000011010
10101000001011100111010011101110001111001110111010100001010010111010101110110001110
10110111000010101001001101001101100001001111011011011001101011001101101101100010111
01110011001100001110001100001010010011101001011110001110100101110110100000010010001
01000000100010011011011111000111101101101001010011111010010100101011000000110111100
11101011000000001001011100110010100010011000011101111111101100111110110101100100001
11011010010100010101110001110000100001011010111111001011100010000000110110000000100
00111011101101111110010001011011100111110000101111111100000110010100101111010100011
10011111110000000001110001100111000101101011100101000011010110110111010001010101011
11101011011001001110001111011111100000111110011011100000000110010100100101110101110
01010011001000110001010111110100001100100000110010110010011010011100001101100100110
11000001110110111100111010010101001010101110110011000111001110000110101001100010101
11011100100000100101101010011010110111111010100001000001000010100111000000001000011
11100011110011100110001110100101111110110011101001100110000000001111000111001011010
01100101010101101100101110100000000001001111001111010011100100001000100001011001010
00000110000111111010010000010010010011000011101100101111000001100010000001011010000
10110010101110010100000101011000001000011100111000000001011010010100110111100111011
01110101011001000110000010110111100110101101011010100011100010001111110001001100100
00100110000101100000110110000101001000111010101000101101100000011111001110111111010
00000111110011110001000100001000011100001011011110011110010101101101110010011001101
00100001010111000110110101000011100011110011000101000010111100101101100101110101010
01101111011010110001011110000011000000111001011100100010100110100100101111111001101
00001010001000011000001101110111101010001010110010010110101110110000100001110001010
11010000010011000011101001100101011100001010001110011111100011001010010101101011011
10000101100110111000010101100111101001010110100010110101100000011111110011100000001
01101000001100111100001111000001000010101110100100011001000111011010110101101011001
00111011000001100000111000001110101110101001011000011111111001010001110000010101001
11001111110100010101000000101110110100111000010010101011011111001010010011000000100
00101010001100001101010010010101110101100000111001101010000000000000001111000110010
01110100010011010101110001111001001000111110100111001110101100001110101001001101111
00000010010100111111100001001110000000100101011111011011010010110111011011111101001
01110101000001100101100011001111111011001000010011010100000001011100101111000100110
00100110110001011111111001100100101011011101110010110001110010111001010001001010000
11100101000100101011000000111011011000011010101010010011100000100001011101010110010
10100010010101010001110001011111110100011011011111110000000010000001100010100010100
00000101000011001111001001101011001100000111011110010101101110110110010111000101111
01001100001111110010111101011000100000111111011011111010000111011011011001100010010
10011001110101110001011010100101010001010101101111010001001100100011011011101000101
01001111111101000100100100000010000000010100010111001000100001101011100100001111011
11000110000001100010101111111111101001011010000011101111010001100101011011011011011
11010010011101110101101000100111000101010010100000010000010000110111111000100000100
11010111001000011000111001110111101001100101100001100011011101011110000111110110001
10111110111101110100110101011000101111100000001001101001110011000011110000100111000
10111000101101111001110011010001000011000110100101010001100000011111110110001111011
01010001110100100000001101100110101100010011010100111110011100010100010011011000101
10110101100101100010110110001011001011111111010001110010010110010011110011110100000
11100111001001110000010010110010100110111111110101111100010011111011000110011010000
00000010001001101100100001011110110001001101110111111011000011111000011110000011101
00010001111010011001100010001110000110001100111111010000011011100011111000110000101
11111110010001001011001100001001000011000110010001110010111101011001001000011001110
01110100000100111111100010110110011011010011000000111111011010101010001011011001000
10110110010010011011011101011001111010101000111110111110011010100001100001101100001
00010110111001101110100101001000000111100011100111010101111101110110111110000111101
01100100110010101101001111101000100101101000001101010010001011111010111010010100100
10001110110000110100100000011010010001110100110010001111100010110110000010000000001
10100110010001010111101110011101011010101111101001001011000001100011111111010011001
11100010110011011111000000001101011111000101011000110110100000010110000111010100011
10000011110111111011001100011101001111001110010001010010101110011111100111001010110
01000111010101111011011000001011110010001010111110101100001101000001110001010101001
00110110101011100011010100111010110011010110100010100001111000011010000100000010000
10110111101100010000111000101001111100110101011010100000110001111110011111100101110
10101100001001010011011011101000010010011101011011101001100110110101111010001011110
01111100110011110100110101110000100011010101100001011000111111100001100000001000100
10101011010001010100100111111011111011100001111111000100100100110110001011101100101
01110000110100101111100000000110100011001111111000111111010011001010010110101111100
01110100000000101100110100110101111001110110011100010100010110010000100000111111010
10100000000110111001011111000101110101000011110110001010000111011011100011000111000
11010000011110111010001110101100001000111000000001101000100000110101010011100010000
00111100000001010110111000011000111011000001101011000000100101111010000100101011110
00101011000010100110111101000000010001010011010110000101100101111101010101101110110
00011010111001011111001100101010001111110100100101011010111010110111001001000000010
00001000000100100111100001101101111001011111000101110100110011100001100111001101011
00010100100101111011000000101011010110100110101110010001011100100111111001011011001
01001101010110101000100100100010110100011011000111010110001001100000011011110001011
10101011011100110001111101100100100000111000011010101100100000101101110111101101100
01101000100011001101010010001111100111001011101011110000110111000011111001011100001
01110101110100101100011101110011001101011110100111011110010101001001110000000100100
01011111100111101000110111100100100101011001100000110101000101001110110010100110110
00111011001011111011010101100110111111110101011011111110100011010000101011110101011
00000110111110011010101010101011001111100010110101000000000011001101101100000111101
11100110010100001100101110100011011000011101000001100100000110000011110000101100011
10111110111101001100110000110100001111010001110101111100001001110000101001101100111
11011111011101001010010001100110000110100000101101000100011001011011000000101100010
10101101110110100101011110100001110011011110011110011001011110011001000001111111000
01100011001111101011010011000001110010101000111111111010111110011110011111100100110
10111001110111010110111100001100111000111101111000001000100100011010011001011001010
10100111010110001100000010101110111110100110101010110001111011000111101111101101000
00011011001011100111000001000001000001001111000110100000110110000001001101000110010
10110110111010101011001000110101111011111100101001011111010010001101010101010011100
11011000011111101100000010011010101011111011111010010110001010100101110100010110110
11001111111001010110000100110110000100001000000111110100011100110111111111000100110
01010111110110111101010110100110000011111101011110001010111111100010001011001101100
11101111000101110111001001101011011010000100111011000010011011010110100111110011111
11101111001010000001100001011001111011111011110100010001010110110000001110111010111
01010010010110001101010000001101110111110010001111110111001110000011010101010111001
00000000101011011100100100100000101101111001001001101011100011110110100111100001000
00101010011110010110000010100011100001111100001100111101000111010000101000101001111
01111010110001101011101110101101110000110100001101111100110011101111011101011010100
01110010100100110111010011101001001100001100100000011000111101001000001011001011110
11000011110011000011010101101110011100000100011011001110111101111001001011010010100
