1110111110000010100110111000101110001110100111010001101001111110011110111101100011110010100000000111010011101111110101111111010111010101101000010110010010000000001111101111001011101111001000000001110111110101100110010100100110001001101101001101100111101011011110101010100100000010001010100110110011101001001100111011111100110010010110011111110100101101100000011110101111111100011001111111101101101010001110010010011
1010101010011011010011101110100010101010110011010101101011100110100100001001110101001001001101011101110101010110110001100111000101001100011110010011011100001110001011110101001111010000110001110011110001011111111001000111101011101110011110000011000101011111110001011001100010000100011100010111000000110110101010101110010111110001010000010111100111001110010001010001110101101000110100110001101010010000001001100110101
0000011010100001011001011111110101011010110000001111000101101000111110110001000011100100101010101100111101110110110111110011110001000100010001100101111011010100011110001110010011111001010110011001100010000000001001011110101011111000010000111100011110010111100101001000100100110101010111010111000100000000011011000110100100110101110011000111101100100101010110101100001000000010110111000111001111101110110110100001010
1101001111001111010000100000111011111010001111111110001110000100111111101111100010001011110111111110110000011110010100000100110010111111101100101100101000001111110101000111110101110010111011100001011010101100100001000110001110001001001000000100011010111111001101010011011100101101010011110011101010110000110100000101011111000000100000001111111010000010101111110000010110011011111010001111010101110001100011011111011
0100111011001001101100001100111010100011100011110001111010111101000101101110101111010110001110001010110100110001110000110001100000010101010100101100110001011010101110100000111000101001110100101010011110010110100111001010101110101110110110000101111001000110001001010111001110101000101001001000100011111001011011101000000111011011011111010000001010100111111010011101100010110100100100011100001110101101100110101000000
1011110110011101111101011011110001110000110011001101001100110000110111101010000111101110001101001000111111011011011100000000001011011101011111101001010110001110000001010000011000101101111111011000100101101101110011100110010110010111111101001110110101110011001011000000001110001110011001000110010000111100110000000000101111011111001000011001110111010011000110011110110011110111111000011111001110100010100110110010000
0100011010101011101101010100111101010111010110010001010011001100001101111010011000011110010110001010110001010110110101000101001101110101100001010000001011010110011001100110100001101111111011101100111101101111000100011101111100101000011001100111111000110100010010010110001111001000000001001101100000100100001100101100101001100100111001110000001010110111110111111111010010001000110110101111111000110011100010000000101
0001010010101100001001101100010001110000110001100111010001100001110001111101101100110010111101000000011011111010100111000100000101011001110110111001100011101101000100111110111101001000000100011111100111100010011110101001011100101111101000110010111111010000011111011000010000101001000100110101110011100111011011111110000001001100011011111001100100011111001001111011001111100000000001101101011000000000010001010000101
0111001010101110011010000001110010100100010110001001110101001000111101101100010000110010001011111001101101011000100000111110001011011110010111011101010000011111110110111101001101010101011011110001011100010111110011001100010010111001011111101100100011110110100010110110111100001101111010001001101010011111110100010101000010100011111101100100001101001010100111011010010101001010011010100110100000101110010010100101111
0101100100001100001010100111111000010110110110101111100100100001001111010111010000011111111011010110111011101011000101101001011001101110011010001011010100110110010101001011010100000000000011101101001000100110100011011111011010001101100001101010000011100110001010111000000101101101000011001011001100111001101100100000000001100110011011001111011110100111001010101010110110110111010100001110010100100110101111101100001
1000101100111001111001110100111001100111011101111001000111001001001100110111111110001100101010101101101001111111111000111111011010111001111001100100001100111010110100110100011010101100011111111111011000110110111010010001000011110101111001110101100000100111010100111111110100110101110100000111010100001011111010011000111000010100001010111101001101011001001011110010101000000110100111101111101011000010110001100111001
0001110100100001000110100101010101110001111110000011101100000010111011011111110100101111000101100110111010000011110000110001100101111111100100011011000011110101101111111110001101011101110000001010001010011110001000001010010010100001100100001000101001001111100101101011110011000100011111100011111110000000101100001110110001010110010001100110011111011100001101010101011001100100000010100101010110101010100001011001111
0010011110101011010100001001101100101011100001011010001100010001101010111001010110101111010001100011010100000000111100001110100110110110010110000000100010010001101010011101001110110111101001100010001010010001010010101000111000000111100010100011100001000111000100101001100011011110001001001111000101001101000100011011100100110110000001110101000000001011000100011101010110110001101000011111110001110110001111110111110
0101100111001110011111110010010001101111010100011000011101100110101011101000101111001110000011101000000011111100011001011010110000011010011100110001100011011010110101000011011000110010011001111111010010100010100101110111101100101100000111010000110000010000101101110110111010101011011101000111110001101100011101010110011101101001010101011001111001101101011110000101001111011001111001101001000010100011110000001001100
1000011100010010000111111110110100101100010001110010010000010101100001110101100000000101000001111011111011110010011010111010011011010101011101111001101101000001011111100100101000111001010010010011001110000011010111001010100110010110100100010001101101110111111110000011101001010111111001001010100010011001111101010110110010110110101100101100010101010111010001011100000010100100010110111101001000100000111011000110010
0110011111100011100110010101111101100110010110001000101010011100101000001100001110001101100000101010110101001110010000100011011100110111101101000111001110011001011100100111101100111000011100001011100001011111001110111011011000100011011110011011101100111100011101000000001000000110110011110111011001100110001100001001111001110000011010100001001011000000001011110100101010111101011011111111101111110000011001000000001
1000111000000100110000001111010111110001110111001001010100011010111001100111011010110101100011011110110101011000011101001001011100110101010010110010010111111000100001101001111011100110001000110100000011011100001011101000010111010010011100111001111011110000001010111101001100001101011001100000110111001100111110110010100110000100100001011011100001111000000110010100000001111101111010001110101001010111100010110001100
0011110111001101111001011000001001110001111010100010101001010110010101101011110100001100011101000110010010100011000001100011011010100000110111111101001110101001000001001010111000110111000101101001001001101111010011011010100011111011001001011111110111100000011010001000110010000101111001011001110111001000001101000110001001000110000001100110111110101011110100101000111101000100100000100101000100011111110110110101001
1101101011010010000110000011100001011010011001001100101100011011110001101010111001101111010110111001111010010100011001101000100001010111000001001111000111010101100011111101001111111101111011000000011101000110110101110100001010010011010111101010000100000010110110000110011010000110101010111000101110100100110100011111011100100110010011000000101100100001101000110110101101000101000101001110000110110000000011110010010
0101110100101111110000000000111101001010010100000010000110001001100010011101001011110011000111000111101111100100011110100000001101111011011000111110010111100010010110111100110101101101010100101111100001100101000000100010011010111010011101111100110111100010001000100100100100100111101011001010010100001110011001010101011100000111101110101111010001111000110100110111000100010100001110011001010101100010111011101001001
0100010100011100100100011011110000001000011110001110111011011000111011000101011000111101001001100010101111110111100100100000101001110010100000011101100111001011000111101001011101100100001000011010101001100000010101101111111001011100101110110000010011010010101101011001101100111000001000100010000100010110111000111010001110010000111110111110110001101000010000000001011111111001110110000001100011110110011100011101111
0110101110100111000000101000111010000011000011000001111110000101010011000000100101101010111101111111010001001010110001010110100001111100100111001011001110101011101000110100100001000100110100001001001011011111100111011001001010101000100011100001101110110000010011101001100111001111010100000000000101011111010000001101110111110000010111100111010001010111101011110111010001010100100001011011011100111011001010000010011
1000111001001000001111110100010000110010101101001001110101000110010011001001010010010000111110111011000101110101001000111010010011011101000111110111110011100001110101111001000110100101010111111110010000111010101100111111110101000101111111000111010000111110100011000101110001001111111001101111101001101000011110000010101110100110010111111110111110101111110011010100111001111100010101011000110101000011010110011001110
0110000101001000001100001110110111010111011011110101101011001001110010101011011110001011010101011011010001011011100001110001011101000101010010111101010000010010010000000110000011111101110110111100000101101101011101111011001110101001001000001001100011010011010101111011011010101100101110111010111001001001100101011001010011111101111010000110101101101100011011011001010010010001010111101101000101110010010110100011000
0000101110010110100001101011011110000010110000100111010011011111110010110111101101001001101010000001010011100110100001100001010011110001100101110110011000010110000110101101011010010001111011010111111111111100110111000010110001101011011101010001001100110011001101101010010100010111110101000010010000111111110011000110001101100110111001011110010100111001101010001111111111110101100000110110011111111010100010100001111
1111010011001111111111011111010111111010100101110000110001001101101101100010100111000110010100000100011001011011110101101101001110011110110000110010110110101110100010001011000011001011010100100000111101011001000111001111001100011101110000100100110110110001110001101101100010101000110010101010000111010101111111111010110100111000100001110100100110100110101011000101010100010001100011010010110100010110010011110010010
1111000001100000000110010010010010001001101101110000010010100110010011011111001111001101000011010101110111011001001011010110011100001011011010100110001101111010000110101111001011110100011011000100011111010011011001110111110011100110111100110111010110011011010110001011001101000110111111111000011111011101001100011111101101011111100101100001001100101011010010111111010001101000110001111110111001101111111000010001010
0000000000011000101111010010010001011011011011011000001001001101100000011100001110111100111111111110010010100000110111000101100000000001101100101111011011001100101100010111000101010010011001111100000110001000001101110101101110100011101111111101010100000000101101111101010010001000111101111110001000111110001110100000100011110011101110000110001100111111011011011110010000001111011001111110101011010101101001011100000
1011000011000000100101001110101101101010010110010100111100110110110001100011001010101001111000011100101100111101110100011110010111111001110110011101101110110001000111111100011111010111101001100101111010111111110101111000110101101100100001010011010111001100111010100011011110101001000000001100001011011010000101111110010110011111101011000100010000111001010100111110101001111000011111100011111010111100101001110000011
1111101001110010101110000010111000000111000100011100111001111011111100000011111011111010111011111110110100111111001011011100001101101111011101110101010111101010110111111100010110110111110100110000011000001011111001110100000100100011001001011101111101101111110111110101010000011100011101111010000110100010010110100100000101101000101010011111010101000111100010010000001000101110111111000000010011111100011001010101010
0011110110000100101110010001000101011111000010101001001000010001100110010111110000011011001100101111011010101010100110111010111000010001001100110010001001101001111111110010010100010011101001101000001001011000001001101001011011100011110001101000100111011111000101001000011001101000110010110001110000011011100111001011011100111100010100101011110001110101000001001111101111001011110100111110010001110010000011101111010
1111011000111111000101110110101101101010000001000001111110111001101010110001110110001001110010000011101110110010101011111000011011111000001011001010011010000100001011110100010000101110010011000101101011101011100010011010001010101010001001011001010001010101011001110100011100010101101100000110001110110011100101101110001100101100010101100000111101111011100011110010101010011100001011001000001010111000011000010010110
0001101100100010100011101001111011010000001000111100101011001011011001111010111100110001000111110111101100001011001001111000110010101000110111000101111010100000010001011000001110100111010010100001100100001110011010101100111011011110100111011111101000000101111001011000100101111111100100011010011110010001111100011111100010110011010100010011011101110001010000110001110110011001000110100000000000010111110101111101110
1100011100110110111011010001010000000101101011101010011110000100101001001000000001111011101111111000011101000000100000000011110101000010000010000101001011100001111001100100110010010010101000111001100011011001010001100010100111100000001111011000001110110011011111101011000111100100110011110100110110011101100000010110001000011000000110011001010100011001100010110101110010001001110110011100010001101001100110010001100
0110110011100000101110010110011001000001001010100101001111101111001001001000001001100101100110001101011000101101001110001101110001010010111011001111000111111100010010111001111011001010110000001101111111001010101111010010001000100010000001100101111000001100001110000100001100101011110011110110100110001101000010101001110010100100011000000001110100000010011110001000110001001000111000110101000011110100010001110100110
1010010010110010000100100000010111111000100111101011001011000000011000101000001011000001011111111111111000111000101101001110010101001011111010011010111010000001001010101001111011110100110000101001000101101011100101100111101111000111010001011111111110010100110010011111010111000100000010001111111010000110011010100000101011111110100111011000011011111000000101110010101011011100110000001010000000001000101000011100100
1011110111001101101111100000011000011110001000100010001000110000010001110000110111001001110010101110101010011110100110100010000111001100101000011010101010100110000010010011111001101011011100011110101101101011101111010000111100111001010000110001011101101111010001110101000000101001101001000101001011110111101011110100011110101001110101101100111001101001100100010110000010111001111100101000100000110110010001111111101
0001011100111110111011000011010101011011110010001000111000100111011010011011111001011011011011000101110111011010100101111000110001100001010101000000101111101100100010111101010100010100011011101110101000010011000101000111110101110101010110011101010111001001010001001110111101110101111111100101101100000110110100110010110110111111100000000000000000000000000000000000000000000000000000000000000000000000000000000000000