0011000011100111111110101101101001010010010110010111000000000001011111001011111100110011011110010000100100101110000000100110101010101001000011011011100001110110010101001010010111100110011010011000100001101000110100111010011011000000000100101011111001001011010101011001010111000011011100010100010001101101100010011110110111101000101110111111100011011000100010011010100101111001111001000000000101001011100111100011100
1010011000010011111010000010001011011111111100111101100110100101110000011111001100100101010001010101111101100100000010101100000011110101111010111111001010001000111011101010011001001110010011011001101111001110101111101111100011100010111010010110000111110000111111100000100001111111010100011111101110110111101000110110111000001110101110000000111010100000100100000100111010011001101101010111100010001011111011110111111
1100100011011010101100111110001011010110111000011111010001000001101111100010111110001011111110000011110000010010100101001011101101110011101010111101001011011011110100100011000110011000101010011111001110011011010110000001000100110100110011001010010010000000000000000000000000000000000000000000000000000000000000000000000000000000000010110010111011101110101001101100011001100100001111010011011010101010000110000000010
1100011100000101111100011101100010010101100111111110000101101011101000110001100110111110101010111100010101111001110011101010110010100010111001111101101101011110011011011000010001011000011001111110100100101001101100001110001100111001100010111010101000110001001000101011110001011100000000110010111110111111000100001111100100000001001111100010101011110111000110111100111011111100010000101001101010010100110011110101100
1110111001111100011010111011101010001111101010110000100011011011101001111011011000100000000000000000000000000000000000000000000000000000000000000000000000000000000000011011000010101001000010011100101101010010010011110110010000011100011100000101000010110110001110101011110110000110010111011101100011010101110110000011110101000100101000001110011011110011101011001010110100101100110010100111001001101110111000010110010
1011111111010010101100011110010011111000101111000011001010100011110111110111111011101100000101001100110000100001010110110111101111010001010110000101001000111001010111000011001101001100011010000001100110000001101111001000010111001011101011010000111010101111000101110101000010001101001011011010010110101110111100101000000110110001110011011111001010111110100110010000010011000100000011001010110101100010100000101001011
1101001111111000111100111001011000101100001011111110101110100100110000110110101011010000001010110100111000111110100011110000010100111100101100001000100110111010111100111000011010001100101001100000001100110011010101000111011111000110111010100000000000011111100111000101110001110000000010001001001110110010100101011011000011000100100011100001111111000001000011111110101000111111011101101111010001101101110000011101011
0111011010111000011110101111011010111111111011110111010011101110100100100111000100010101001100100111001001101100110111100111010111110111110001110001011101001011000011011000001111100101011000011101001011010011111100111110000111010111110111010101111000011111010001000110000000001000010000000100101011101011100100111100100101010100101101000100101111001001100110011110001100000011011111110000000011001000110100000110101
0001010011111101000000100100111010111001101100000000101011001111011000000111001101101001011011000111101101110100100011100110100100111100101001001101001000000110000100101010101100000011110010001001001011111110011100111110001101011100101010101100001001111100001100010011100000100011011101011100110101111011011110111101001000000110111001010001111100011110001100100000000110000011010101001000110011110001111001010101101
1100010110111001110100010001010000100111001111000110011100111111101001100100110001010100101010000001000100101100000100100111100000010011111010010100101000100011011110000000011110111101000001100011101111111010010000110000001011101110010101101111010001001010001001000001100100011010000111111000010010010111111110000101110000001100111111010010010010001000101101100110101111011001110101011001101010000011000001001010101
1110000111111100000100001111111010100011111101110110111101000110110111000001110101101100010000110100100000111000110011010010111110100001100100101101001010010011111000010111001100110110111000101010001000011011001010101010010000011001100000101010110000111101110000100001000010111111000100001000100001001010100100111111011001000111110100001101001111000101101110001000100111101111111111100001110010010111111011111110101
0110111010010110011000101011111001100110001100000101111101010011000110010100000111000011010100100100011100010000100011010110111110010101101111010011000111001100101001100000010000010101001000100010100001011100001011100101110011001100101011010010101110111100100111000000000011011001010010011101100110001001101110011111010011101101001011100010111100000100100011000010100000001110011001011011000111100010101001101000111
0011111010001000110000000001000010000000100101011101011100100111100100101010100101100010101000100100100001111000000010001110010000011001010011101001111010111001110011001010010010011010100011000111000111010100010110100110110000011101100010001100101111111011001010010011100111111001001010110011101000010001101100110001011001000011011111111000011000100111000001000110111010111001101011110110111101111010010000001101110
1100010110111001110100010001010000100111001111000110011100111111101001100100110001010110000000011011111001111011110101110111100001000100111100010011100001001001000110001100100101101111011010000101101110000011111010111101100101010101111001111010101100111101111011011000110000000000001001110001100101110011110010000100010100001001011010101010100111111100101101011010110100001011111010001010011000000100110000101101111
1010100001111100110100101110100000001101001111110111111010000011001011111110010101101111010001101000101100110001110101100001010001000100111001010110001111110101111110000110110111110101111001000010101001010111101100011011010101001000011011110110000011110000001001100011010000000111000110010010001011101110101001010001011110011110100010111101011011101001000100101000010010100001111110110100111101111101101000101011000
1010010010101111110010001110111001101101010100000101111111110001110001001010011011011100000000100110101000101110000010111010110011110101111111111010100100110100000011111101010101111000101011110011100111010101100101000101110011111011011010111100110111111010011101110010100110011111011100100110101111010010100110010001010011101001100001110110101110000111101011110110101111111110111101110100111011101001001001110001000
0110110110011010001110101000001001000101001000010110101100001011111011110011010001000100111010010011001100111010110101001111101101000111100001000011000110000100100101010001001011110010011001100111100011000000110111111100000000110010001101000001101011001010111111000010010101100010010101110101110111001110111111100010010110011100110001010011010011011100001111101100101010101001011011001110100110110001101100000000010
0010100101111001100110100110001000011010001101001110100110110000000001001010111110000100110111110011110000100100110001101100110100010001110001011010111111100000100110100011110110101001110010010000001100010111000111001100000001010111000101010111001011011000000001101111100111101111010111011110000100010011110001001110000100100100011010001100001110010001001100000010100010011111010001110110111110100101010110110100010
0101110011001101101110001010100010000110110010101010100100000110011000001010101100000100101101010101000000001100100011110100101101111001000110000101110111111101100001000011100011000000000011101101001011110111101110110101011001000110001000100010110010100100000110000101110101110011000111111011110101010001111001001000000001101100001100001111110111110100001000111010010000110111111000010101001010100001110100110110001
0001011110101110011000110000110011110101100000110100110000100000111100001001101110011000110111010101011000001010110011010110000111100100001110100000011011010100100101110100100100100010001011011001101011110110011101010110011010100000110000010010101010011001001011011110110100001011011100000111110101111011001010101011110011110101011011001011110101101110101111011110111101011111000011000000000110010100100001011010000
0101000110101110110110100101111001110111000101110011101001111000011110001100100011010101001100100111001001101100110111100111010111110111110001110001011101001011000011101010101001111111001011010110101101000010111110100010100110000001001100001011011111101000010101011100100101101010001100000000111001010110101001011010100111000001000100100111010010011001100111010110101001111101101000111100001000011000110000100100101
1011001010110001110100110001001000001001011000011010000111011101110001110001110100111000100000010011010100111100100101101101000111011010101001100110101010101101100001011101011110101100011011101101001111001111011100001100100000000100000010100110011110001011000011110000110111111110001100100001100011111111000101100000000111011101111110000010000010010001000010110110001101000001101010100011011010111101110100111111011
1100100100110101111100100110110000101000011100010011010011111010001010111001001010011101100110000000100101101110110001111010000100010001110100011111010001011100011110110111000010011110110001101011000110111101010001111111101000111011011110010111001111010011001001100110100010101110010110000110100011010101100010010101001110110111001010001110110110100000101010110000010101000111010110000010000110010011011001111100110
0110000010100110011000010000101011011011110111101000101011000010100100011100101011111100010111100000100100011000010100000001110011001011011000111100010101001101000111001100001110011111111010110110100101001001011001011100000000000101111100101111110011111101101101110001010000111101011001000100010111100001010101111010100100111100001010011010011110000011000110000000100000101110011111111010011000010011000010010010110
1001100100101011010100001100001011001110110101001011110010001110101000000111101000110101010100111111100101101011010110100001011111010001010011000000100110000101101111100011101101101000001010101100000101010001110101100000100001100100110110011111001100011111011010111111110010110111011101111101101111010010110010000111101000011010000000100100000110101111100010010100111010111110100101111010110011100001110011001100010
1011001011101110111010100110110001100110010000111101001101101010101000011000000001010101011001011111011001110101010010000010000110000111000011011001011111100001101100011000111010101000111001001101101111100011001111101111101001101001100111101111110111001100010011011001010000011001001011111011001100000111010000010010100110101101001010010110101010110010101110000110111000101000100011011011000100111101101111010001011
0011111101100111100000011001111001111110000001010001011110011100000001110001010001101101100011101010111101100001100101110111011000110101011101100000111101010001001010010001111110111111111000110111000111110000000100101101101110001100011101111011100100011001000000100111000110110100010001111110110001000010011100010000111110111011110101111010011010110110000011110000110111111000000001010101100111000111100100110010101
1001101000100111000010001111111011101101110001011000100011010110010101100000111110110110000010100101100101010100000110101001110000001010101001111101010010011010101101110010100110011010010011001011100110010001000010011100100001010110111011011110100111011110100110001101010000101011000100101001111011100011001000000101111001011011001101000101010100111101100000010000110011101010011100110000101101110001100010111011101
1011111000111101111100000110101000000110001011001111001000011000010010101100001111101011110001011101010000100011010010110110100101101011101111001010000001101100011100001100001011100011000011101001000011110101111011000000101011011000011010001000100100111101000110100010110011000111010110000101000100010011100101011000111111010111111001000100101111001001100110011110001100000011011111110000000011001000110100000110101
1011000000001101111100111101111010111011110000100010011110001001110000100100100011000010110000111100001101111111100011001000011000111111110001011000000001110111011111011110001000100001111001010000100000001000000001101000010111111100011010111110100011011001100000001101010111110001010011000110100110001001111010001001101000011110101001000100101111001001100110011110001100000011011111110000000011001000110100000110101
0110001001000101011110001011100000000110010111110111111000100001111100100000001001100001111110111110100001000111010010000110111111000010101001010100001110100110110001110001101110101010110000010101100110101100001111001000011101000000110110101001001011100100010000101100010101001110010111001110000111000011011110110110110001011001011110111100110111101110100111011000110110111010110100000110111110110010100100001011011
0011000100001000101110110101010010101100110010011011000010111010111010010000001000100010100101000100011101100110000110101101001001001111000011110000000011011101110000010001010101001111011000000100001100111010100111001100001011011100011000101110111010100011111101111111110001101110001111100000001001011011011100011000111011110111001010000001010110100111000111110100011110000010100111100101100001000100110111010111100
1001011011110100000100101111100010001101101010101010100110100100101111010100110000010110000010100101100101010100000110101001110000001010101001111101010010011010101101110001000000100110101001111001001011011010001110110101010011001101010101011011000011001011010101011001010111000011011100010100010001101101100010011110110111101000101101111001011001110011100011001100111111001001000101100001110001001000111101000111001
1000000100000101010010001000101000010111000010111001011100110011001010110100101011100000010111000110001100110110010110111011000000111110100111000110110001111001000100101001010100000010001001011000001001001111000000100111110100101001010001000110111101111101010000001011010011111010000110110000110110000001000010100110001111100010101010101000011111001101001011101000000011010011111101111110100000110010111111100101011
0000001100001100010110000011110000100011000100010011010001011000111101100111010110001101100001010100100001001110010110101001001001111011001000001110001110000010100001100110010010101101010000110000101100111011010100101111001000111010100000011110100010101000001000001100110111101000010001001100001111111101011000011111011010111010111010110010111011101110101001101100011001100100001111010011011010101010000110000000010
1111101101101110001010000111101011001000100010111100001010101111010100100111100001011100010111100000100100011000010100000001110011001011011000111100010101001101000111111000101111000001001000110000101000000011100110010110110001111000101010011010001110010011011111001111000010010011000110110011010001000111000101101011111110000010011001000110000000001011100101010010100000101001010001110110010110001000100001010011010
0100101101100011110110111010010001110011010010011110010100100110100100000011000010010100101000111111011000000011110111111001110001011101101111111010011011110000110101111000110100000000110000001100100001000101010100111010010001001011011001010010001000110111011001001010110111100000000001001000100100010110111100100011111111101110010101110101111010110001101110110100111100111101110000110010000000010000001010011001111
0000000000000000000000000000000000000000000000000000000000000000000000000000000000011101111110011000001001101001010000111100001100110111010110101110101010010010110010010001100101111110000000001011001110110110110110000001001110111111101110110011100010100010101010011110110000001000011001110101001110011000010110111000110001011101110100000000000000000000000000000000000000000000000000000000000000000000000000000000000