11111010010001110011011111110011111111000010001101011010110001100010101011110110000
00110111001011100001100010101010001011010100001111111110100111011110110011010100101
01100001001011010001011010111011111011110001001101010111110110110001101111011001000
11100001100111011001110001110100010101001010010011110000011011111011000001000010011
11010110100110000001101101000111000100001100100100101000111010111111010111011011101
00111001011000110110000001010000101011111010000010110111011100111001111010110001001
00110011111101010011100001001010010101000010011100001111000111110010111010111001101
10001100011000010001011011101101010110010111000000111101010000101001110111011001110
01100101101110010101000011100010010010000110100110001111111001101011011010010111001
00001100100000111010011110010100000101010001001000000000011011101000000110110001011
01100111001110001000010110100100111101010111111101101101010010110000101000101110110
11011000101110111010101101100101100101110000011010111100100001110111101101001001110
10100011110001100100010110011101001111000110101100100100110101110010000000101100000
01010011100111111000101101101111001001111101010011110111000011111101100010000011100
01101011010110010010011011111111010101111100111011110100000110101111010011110101100
11011011000010001001001010001101111011110101100011011010100000000100111001001100110
11101011000011010111111101100101010011110110111000001000100011001001000010000010010
00110100001011010001101010000101111010000010111100001111101101001111001101010110100
00110011001110001010011000001101010001101001011001010000001011110110110101111001010
11001110000001010101101100110000001111100101001011001011101111111100000110100100011
11011011111100111110100101110111101110111101110110111011011010000110111000100110010
10110011001000001111000011101001010001000100101100010100111100000011011100011001010
01001100111010000010100001100100101000101011011000110101111111111100110000111010101
01110100100011101001001001110011100010111000101101001011001011100100010011100000010
00010011000010101011101011111110001011111000100101111011000110001100011100111101100
11111110100010001101001010100001110100100001001101000001111001111010110010100010000
01101110010001010000100011110000111010010100001010111011010101111101000100010111110
01100000010100010110101110101101001111100111100011011011011010000100001100011001110
11011000000101001101101110000101011110011100010011010100001000010101101101100100100
00101100000011010110111100001100010011001100111001100010100101101001110110001010110
00100101101101110001001011100000100010110001101110010100011011010001010000011011010
11101001011000101110011111000010011010101101111111000001001000101010101000111100100
00101100111101001101011000110001000010000111111011100010010000000100010010101100110
11110010000100001101101100000010110010011010111111011111000101001010101000000011011
10110100000111110110000111011110001001101101001100111000110001101011001001111111110
10100110100100001110001100100110101000110001111001011111100111001011011011110010100
00100011110101010010111010101101011101110011101000001000001011110101100011100101001
00111111100110111100001110100011110100011001110111000100001000001010001001111100000
01100010101011011110000001010111110000001000011000000111110000110001011001000100001
01100101100101101001001110001101100001101101011101100111100101010111001111101110010
01000111100001011011110110110011001001000101010011010101011101010111110110001011110
11000110010111110000010001100011101110100011110011001001010110001011000010010000100
10001010110110010100110000000011010000000001110000000100110000101101000111100010000
01000001000110100001001011110000000111111101010001001110100110011101100100011101011
11101100001100100011010100100000010011010001011000000000111110101111010110101100001
11110010111011100111101100111000001100111101111011111001101010000011101101101101110
10111011101101010101001010111000001101111100111100111011010001110101101000010010010
10110111101111100000001010101111110010001100001011000001101000011001001101101010011
10101001111011110111110110100001111101111101100001100010001111011010101000011111010
01011110111011100111111000101010010000100000100010000010011000011000011100010110100
00001111101111001110011111100011010000000000100001011011110000011111100000001100100
01001011011111001011101000110010101010000010110010000011100000101111010101001111110
00100011010111101001101101101111110100100010100001011000100100110111111111011001100
11101100101000100011001001011001010111101000000011001011110011111010011111110001110
11000001111000011101001111111111110100100010111011011100011111110001101001000100101
01100111111110010010000000010101101111001010100011101100111010011001000001000011010
00000111001001001110110001001000101110010000111001100001010010110110011110101110111
01111110100100010010111011111010111101111010100100110010001110000010111001110001110
10010100100001110001101010000101101000110010010010110001010100000001110000100100101
00000011001110011110110100100000100011010000100100010100110111010101010111110100000
01100110110110110101011110010100001010011101010110101110100111101101111001100100101
10101101000111001110111000011110110111110001010000000110001011001111110000100010001
10100101100110111010011100100110001101010010001000101110010011001011111010010010110
11011011011010000101100101111101100110100001000111110100110101110110110110010000100
00110001001101001111001110000010011011001010010001010111111011001000110001001011111
00100101000110110111000111101101001101000011101100001110010010110001011111110011000
11011010010001101010101101101100111110010011001111000010011111001010000101101010010
10001010110100110010100110100010101111010110000110100010101101011001011110101001011
00010011011010011110010111110010001001000000110101100010101100001011010100010101111
00100000011101100111011110111011001001011110001110000111111100011010011100000001101
10110001110000011101110111011111110100101000110101101011101001101110110110001010001
00110111111100001010111101110100101110111100110001111101110001111001000011101110110
10001010000110000111011101110111001100001101110011110111011010000110100010001111011
10100001110000001111100010001000011011011010011010101001101111100001101110110000110
11010110100001010100100110111101011011010100011100011100110111110111100011000001000
10011010100001000010110100100001100101010010000100001100101101111111010101011011110
10010001101100110001001011100010011001000011010111100111001101111101111000110110001
10001111111110011100010010111101110011110001010100011001101111111001001000000001110
00001010110011001011011000100101000001100110010010101001101001000010100001001010111
10100110100100000110101001011010001010000001101101010101011001100000110001001011010
01100110111011100100100001001000110001101001011011101111011111001100000111100001101
10101011110000111001000001101000011101111000101100001110101100010101011000110100100
01100101101000010111100110110001101011110111001110001110110001000110101110011111001
01111010011010011101000111111001111111001001111011110011010110001100110111101011110
01011101010110100110000010101101000100110001000100101100100000100110001100100000110
00110111110010110110001000100011101100011101100001011001110001011000101000101110010
11000110111110101010110101011010001110110100101011001010100111010100011001111010000
11111011101100110100100010011001000001010110111010100101010110001100010111010011001
00000111010100101011101010010010001101111111100110110010011111101101101111000010000
10010110100111010111101001011111010011010110101111011100000000001001001001011111111
10111101111010010000011111110111101110110011110011101101001011000101010110011000111
00101100100000011101010011010110100111001110111000011010101001110010011111111101110
11110101100100111010011110011010011011111011011110000101010111001111001100110110111
01110110000100100110100001001101000101100010010011101110101110101011010010101000010
01011000100101110101000001010111001001101111001110011001000101100101101100000111001
10101001001111010001110100010001001110110100100110011110100110000100100010110111000
01000000100001111101010011101001000100110111011010000111010010010010101001011110110
01100001000110100101110010011110011011010111101001000110010100101011010010000110000
01011101010101100010110100110110001001000000111001000000100100010011010011010110111
00010110110110101101000100000110000000101001000100000100110101110101110010000100010
11100000100000110110010110101011001110001101001000011101110001000101101001010001100
10111100101110000100000100001101100000011010100101111011111110011110011101110000010
11000000000010010011010110001001011010000101000010000100110011011000100101111101110
11100111110000011101110111000010111100100010011010111011001000010001100000110111001
01110110101100101000001111001101100110110101100100100001010010101100101010011001001
11000100100011110001111110001010111011101100100100101111010110000000111110110010011
01100111100111100010001110001000011001111011010010101110010010101100011011110010111
01110110100111000011010010110100000000010100110010000010001010111001001010010010000
01100001010000001011000111010110001000001100001001101001011110111101100010011111011
10000010001100110110000011010110001010101110110011110110000011101101001111011101111
11100101001011011001000111110110111110101110010010110001100000001111001010110101000
00001101011100010010000101000101001010000000101001010100111000000011011010010100101
11100100000011001110101010001110001100111100010101100100001010010101011000000011111
10111110100111111001010111001101111000111111100000011001110001100100101110010010111
01010100111001111001111001101011111010101010111100001111100010110010111100110011000
01010110001001001100001100100000000011101111000010000011101000000000010001011111010
10100011001110101110011100100100000111010010101000111101100101000110000010100000000
01001111011101110111010101111010011101101101001110010011010110101101100001011000100
01001000011111000110011111110110001000100111100010011010100010001111101010000110010
01111000011100001101111101001011001101000001001110110010111110101111000111001011101
00011100101111110110011001110011101000110110001001100110101010001010010011010011111
11000100100101010000111101000011001110001111011010100101011111000100100000000110100
11000101011101110101010001100111000110001100100011000100110000100110101100101100110
10001010000001111111010110011010001001100110011101000101000010101011100010010111001
00101011000111100111011001110100110101101011011111110001000111011110110010000101000
01011110110110010000001101111010010110001010001000000101001000000000000000111000110
11010110010110011111101000111100000001111100010001100000101010000110001001011000001
10010111110010000110111101110111101001000010111010000111101100001111101110110100101
10101110010110111001110011101001100101100000000110110001110010111110100110110100010
11011011001100100100011110110100001101100111100101011110111111101010010000101101011
00000001010111010001111011011001001011011000011110010100111010101111001111101100010
01110110000011000001001001011111011010110000010100000010110011010001010000011000010
00010110010010110011000011100110110100000001011110100011001011010000111001011110000
11110000000001110101011101100110100100111001100101001100111010111001000101100001111
10000100000010011111011100010101010110011010001100101100110011101101101100010001110
10000000001001101010111011010000100101101011110101110010100110001110111000101101100
00001101100010111010010101111010001100011000110000001111011101000101101101100001101
01100001110010111101000100110101011010011011111010111001110001010011000100110101100
00111010111001010110011010000111001101110001100001001101111101111010110110101110101
11001001101100011001000000001010000101100101000111100001100101110001010100010101101
00111001100101100001000010000100001111111111100111000110110100100111100110101001011
11000110001001110001000101001100000001001100011001110101110010100001011011000001111
11111110101101110101100000100110001101110101111000111110011000111101111100011111000
00101010011001101100001101001111001010001010010001000110010110111110111001101111110
11001111011101101011100111010001000011001111011000110010001111011100000000001001101
00100100000111001010001100010101110100010010011110010000000101010000000101110001110
00010011001001111101000110110100111101110101001010001000100111000010111000111010001
11000011111011001110001011100000100111000100010101000111010101010100100100010011110
00011110000010011000000110101111101000000101111110001100110000001100001100010011011
10000110110100000101010000111001001001100100000110110111011110000010111110000000110
11100001000010101111011111011010110110101011100011110011011001101001001110011110010
10110001010110010111001100111111100011101000101000001111100101101011010000011001010
10010110101001100101110000010101000011100000011100010001011011011001001010111000110
00101001010010101010010110111000000101010110100111101111011011111010110101000001011
00101000011010001000110110010010111010000000110100100010111000100000000110111001101
00100111010000101011101000001001100001100010001100111101000010101000010111001111101
10001100001110010010011110010000000001111000101010010010000001100011001110101101111
00100000101001010111010101111011000001011000010111110010010000000000111101111100000
11101100100000111101010111000011001111100111001110100000100000001000111001001111000
01101110100011101100001100011001101110000010111001001110111110111100110110111110010
10100011110110111110110111010111010011000000011111111100010110000110101001110110010
00000101010101110100000001011111011101100010100001101100000110010000011111100111000
01100001000110001011010001101111011010100110011011111110111010111101101101001000101
01010010111111011010101010000100010110001011110101111000011101001000100000100110101
11000111110001111001100011111011110011101101011011100001010001110111000011000010101
01011010110101010001101010110011111000011100101110011011010111011001110111100010010
01111011100000010111100011011010110111001101101011000101101100101001110100011000010
10100010000010111010110000000000110111001000011001111110111000100001011101001101001
10000101011010011110100101101010001011111000001111010001110011001111101010100001001
01100110001001011010000110011110010110111111110110100011111011100011010111010100011
10111010000100110110010100000010111000000110110100001111010110001010111001101010111
10111100101011110011010000101000010011111001110110101111111101001111111010100111010
01110110010100000100001101100110011010001011101101111011110000110110110000100000000
11101101011100011100110110011001110000111111010100010111110010110001000010111110101
11111001111101110110110001010111000001110111101100000111001001010000000111101000011
00011111000010000101010000111000100011100001000010011000110000000001101011111010100
01001011011111000111000010000111000001011000011011010110001010011110111100010111010
10001111100001010000100110100010111000100011001100101100111111111101110010000001001
00111110110100110011010001010001100100111011011011111001100111111001010000101001000
11001101010111110011000010001100100001100101011001110011100110101001001001101001111
11001010111111111010001001110110111000000100110001101101110110001000110110100001101
10001101011100010100000001100011000001011010101010000100010010001011111010110000110
10011001100011010110011111100110000000101010010010010110000101001000000011000110100
00011011110100100001000100000010110110111100001101100100100101100110000101000100010
10011011101010010100110010101001111011101110010101001110101011010000100001001100111
11010001000000001001000010011001101010010100100111001110110100110111111011001001001
01101001101101001100001110000001010110111011100000100100010000101011111111110111010
00011000000011000011011011101110010110100001011111111000010001001110010010100011111
01011110010001101111111011100010001000001010100001100110000001000011000100101011111
