0110101111001001011110001000010100111100111110101010010111110100011010101101000101101110011001110110100110001100101001011110100111001011110011010000101111111101000000000011101101010001101110000101100010011000101001100011100101100101010111001100101000101010110101101111110110100111110101001100010101000000100011100101001000100011001101011011010111100010001000000001110110100011111110101101001100011110011100100010111
1101001000110000011110110011101001000010111110001101101100100000110100000111101001000111001001100000110100011101010000110111100010011011101001100111001111111111100010011101010100111100010010000100010010010100110001100110110011000001111100111011010100110101000010111011100011100101100111111011010101110001101111001100111100111000010011100011001001110111101011110110011111111011111110010110011111000111010001110101101
0001001101100111011110001100100100111000010100101111000100101111001100110011101100111110111110011110111111010010011110001010111111101101010010010001011100100011111000100100100000000001110000110111100111001110011110010110101010100111000101001001110001100010011010111010011001001111111001111001011000101011101010011100010100010001101001010010100110001001011011100000000001011111001011110000101100010011111011011110111
0010101111110110110100010111111010000010011011100010010000111110110110010110110100100101101110100010001110000001111111000011111100001001000011101000000101101000100110001010000011110001000110111111100100010101010000110011000010110111000101011111110100101011000111101001110111101100010101010001110101000010000011000000111011111001100101111100010010101110111001001001110101010111110100100111101001011001101110000011110
0010011110110001111000101001001100011101110000001000110000000110001110111101111010111101100100110101111100100001110100111111100000010100001011011000010100101000100100111001010011100000110010100011100100011010100100000101100101010100110110001011110111101101100110000111100011001001101110101110000001000010100100111011011111000100000011010101111011001001101000010000111110001110010101111101100011101100000000111001000
0011000000011110001111110011110000100110110100010110110000001100001100100101100010110011010010001110000000000001101001010011000101010000100101111010011011000000111111001001000101111111110110010001111001010010101100011001101001011100001110101001011101101110011001101110001111101000110011001100001001001110010101001101110001011011110110111001000010000101101111100001001111000110000101000110011011011010011101110010100
0010010000000110000011110000101001001111101011110010000111110011000100001010100000001100001100100100010000110000000000000010001100011111110110001001110101001110100111100000110101010000001010111001011100010011000101110011001010010111111000000110110011010011110101110100001110101101000100000111110010110011010010001000100000100110100110100010110011111101101000110100010000101101001101110010001100111110010001110000100
1111110100110011101111000000010010011111100011111100001010001111100110011111001100010101111000110001011010001010011001111101001111101000001011010110011010000001110010011000111001001010110101011100110001000000011000011111110011100011000110010101110110110010101011101010101111101111101000001001100001001111010001101010111101110000001111011100010110010111110001001100101101101011001100010000110100111110110000001001000
1110110111001110101100100000011111110110101001000110010100000111011111001101010100010010110010100010000010100101010110000100101110100010111110111011101000110101111011100001100110100000000110110100000000010111011111000110011000101101111001111011001110110110100101000110111101101110110100100111100000010011100011101100001000000101101011111101000111001100110000011111100011110011000011111101011010011111101010000011000
0010010010010001110101110100010010100101000111110110110110000111010101011000000001000111110101001011111001110101001100101010101100100011011000111000001101111011100111011101001001001101010011110100011000101010011101011000100011010000110100101100000110110000111001000010111000010100110110000010110111101110101001001110101100000111110101101100100101010100011100110000111111100001001101001011011011110010000100110011011
1000010101001000110100001001010110101110000010101111101110111000001101101110101000000110100110100001101000011100111010001001010001111001010101000010101100010011111011000101010001011010000010110101101001101111100010010000101000101001111100111010111111001110001111000100101010000101010011111100101101001101011111101100110011000010011101100110101011110101011101100011011100001110101010001011111101111100101101000001101
1100001111111001011000011011011001000110010001010000101111011101101000010001110100111101001001100011010111100000101010110000001101010111100010110101011101010001111000011011101000100110101000100110111011101100011111001011010000101101000110011011000011100000010001001101111111000001001100110010110000111111111011010111000100110110110100110000101100101001011111101110100110001100001000001011010100100011100000111000011
0011000101000100111010101111010000101101011111111010010101001110011011010001001110110011100101100100000001010111110111001001111101101110100110101000010011110001100110101101001111111010111110000111110010100110101011000111011110111111000110000010011011101001110000110100100111111001001100101001110101001011100001110110010101110110010000010101011000100010011000100010101011101001110001100011000010100110111101011000001
0011100101100011101010100111000100011100000010101000110001011001000111001110110001000001000010000101001001110011011111011100000011100000000000000100110101100110000100001001001110110001001100111000110110011110001001001101011011110110100010111000010100011110110111010000011010101101110101001011011111000100101001101011010010000011000010000101101101111110110110100101101101010001111110110000100101010000010110000111110
0010101101110001100110101010011101010111111100111000000011001101001110111101110101010101001011000000100010110110000111100110100110001011111000111100000001010110000101101111010001001100010111000111111100101111001010000110001000110000000100000100011000011100110101100000110100011000100110101100000111011001110011111000101011100010110000001001111111111010011111000000011010100111011101011100111100000111001110100111100
0011101110000100011101101001110110010000101110000011111100110011001001000100010110111111001010110001011000001111001001110001001001101111111110100110000101010100101010100011001100010011000111110100011111011100101010101001111010110000001111110110011100110011011111110110000101000010111101111110000111101101001000000111000001001011111101101110011111000001101011100100101110011011011010011101011100111011011001010110010
0001000111101011101101011101101101000010011010111110111100010000010011010010110100010111010000110001100101110100000011101010101000110011100011110011110000000001010001000110010011111011011101100001001101101101110101110110010110101000000011101101000001101010110010111110101001100110100000111101000000010011110101110000010000111100000101001101111000110110101111111110101011100010101101100011000010110100100111011011000
1100010011000110011110110010000100100001000100000011100000101011000101100101101001110010101010001010100110111110111101111001110110110110011011100000101011111110111001000111000101000001100111100001100001110000111001001101010000010001101001010110101011000000101000000001111111100011110011101000000010000001001010011001111110010011101100001011110001111110101110000001101011000100011101010101111101000001010001011111010
0101110000000101100100101010000011000110010010101010111010100101000010001001111011000101000110010111110111100011111010000111111100001000110111100110111100110100110000110101110100011000111101101111001010110111100110111011111010001100110111001110111100110001010100101101001100000111111000010011111000001100110011000110101111111000110010001001001011100000101010001101111101001110010011111101010101101011111000101110010
0001000001101001110010000000000111010101010100100101000000100000111111010101011111001001011010101010010010010000110100101101001111000011011000100100111101011011011110101010111110010001101110100001001110000010001000100111000011110000101100010110110000100101011001111010101101111001100100100000001011101010110111111100011011000111101000011110011000001000111000110000011010111101110000110011011010111101001101111000000
0110110010001010100001001101001000110111000101100010011011001110110110011000111011000100011000100001101110011001011001011100001111110100110101010111110011001011010110010111111010001100011101111011101001010011111000001010110010010110011100111101011101100001101110101011010010110101111110010111010000000100011000000010101101100000100100110000110110101101011001010101001001111011101101000010001110111010010001110010111
1100111110000000111110001110101110110011101100100010100000000110100000101011100001111101011001100100100000101101100101010001111100111010110111101101101111000101101100101100110111001100010011010011010001011110110000010000100101010100100010010110111110111000010100110100011111100101011110010110110111101101110100101010100001000111010001110110100110110011110010010101110010100010110110001001010000000010010111110001111
1101100111001010001101111011100010000001100011011110000110000110111111101011111100010101101001111110000000011000110001110011000100110100010111000000000110010111111100110000000000001011011110111001001010110111110101100001000111101100111110001110110111001010000010101100111001001011100010110000011111100101010000101001111001111001110001001001110000010100001000101001100011000111010011010010011101000001011011001110101
0011001110110001110001100010111001101000000100011101110011100011100100101110000001110101010000001001100000111000101100101001101110101010011010000111101010101001101111001000111111010010011100010110000111111110001101101101000110101111100101000000011100010000000110011001011011111000011101110001111000010011111010010000001110101001110001000001001000011011110100011110101001100101100001001000100001100001000000110101001
0011010011111000011110100001101100011100000101000101101101101110000000101010100101001100000101100100111110011001000101001110000110110010000000011000010011001110010000001110010011100001110100011100000110001000100010011110011110100111110011011000010010100010101000111100100011110000111000110010110100010100000101011001110010100001110000011010001000100011111101100011011001111101110100011000100111011100000011100110101
1001110100010100001100001100110110001011000101001010100010100111000110111100010011110111111100010010001000101001111011000011001010001110100011101111000010000001000111000101010011010010101101101101110101101111000000011011011010001101011010000100011101110010011011000111011100111010111100110111111011100001011011000111010010011010111011000000101001001101100001101001100111111101001010010100101000100010010101111100111
0111111111110110001101101011101000001000010000100100110010000010100100000000001111100000111100011011000101111011100101011001100101111000111110000110001110000011000111110001001111110100101101000010111011111101110000011010110000000101101011100010011010010000010011111001011100010010011110001001111110001000001101011000100100011101000100010011101001000000110010011111101011010100100010100000111101000000011100010010000
0011101111000010111011111011011111101001010011100010001001110101101110010100111001011001101000001101111101000001000111110011000110100100000101101010111101111111110101111101011000000011101010110110100110100001101111010101001110100110010101111110011100100111110101010001001010100100100100001111111111110001100001010011100000000110000000001110110111110011000010111100100110100000001000111100000011101000101111010001010
1000011101110001011111110111110001000000000111111001001100010100101000100010101111000101010001110000111110011000110010101111101010111110101010110111101111100110000101111111101000100100100000001000011100100101100001110011110110111101000111011001000101110101001000111001001010101101000011011010101100100011111011001101111100111000100100010010010110100111110011000011110100000110011001100000101100011001110000100011000
1101001001011001110100110111001111010101000000101010101010110010000101010111001101110001110010001100000101110110000111011001110100000111010111000100011011010111101001001111100000110000011000100100000001101011000000010001000100001111110011011100011010011011101001111111000110100001010110100110011110010111011011010111111110001000011001101110101111101001011110100110100101010101111010000010110100110110000011110101000
1000001101111110001111111100111011011110010111011111111100100011000010001001101010111111001011100101011001111000010001111100101001011111010100100110100000010101111000010111001001101101001100100110000110100010101100010001100100110001111111110010101100011101011000010011111101010101010100000010011111000011110110010000111110000111011011000111111100110110101111100111001011000100111101100101000110100011010000000001101
1110101100011100101011101100010000101001100111001011011000010000001001011010000111101110101101111001110011000110110011101110000000001100100011010000000001000010110010001000101110111101011111111100011000111100111100001111101000111001110010001111111100010001010100011000110000011011001010011101010100100110001000111110100110001011011001000011111010111100101111011000101010111100011010010110010100010001011010110111000
1111100001100100100000111001100011001111010001011100101110000000110010110110110111011101000001000100101010101011011001010011110110110110110000110101000000011000011100110111100100101111010111001101010000101110011001000100111110010001110100010010100000111110000111100001101010000010011101110000100110001100110011001100110100011100000100011100101001100101100011010001010110101100001111111101010000100010111111000101011
0100011011110000011101101110100010010110011110010011100100101000010000010101000011111001100001101111000010000000000101001001111111011000000101000000111010000110011011001011011000011111001001011001110011100001110001110111000100100011101001000100111110011000110001001110010100000110010111110101111001010110111111011000111000101001001111110111001001110111100100111111000010010101110110110000011110101011100101100011110
0100111001100110101011100001000000001000101000001111001010101001100001011110101110100001110001010011110000111010110011001011001001100110111011011111110111000010000000010111101011011001110110000011010100110010101110100111010000111000110001111001110111101110000111010001000011001010110111100101101111001101010111010001011101110010111100011001100010111011001010000100110001101000100011000110011010111111111001001100110
0000001010001011010010100110001000001111000001001000011011101011001100001011000101100111000110011011100001110010110001101110111000010111000010111101100111101100010101001111001110101110100111000001010001101100100101001101011101001011001101111000111001000100011111001001111000001001100101001010010001000110000001101000100100010110011110110000001010100011111011111001011101001001001111011110001001010100101001011101110
1010000110110001100000001101010001000110110001010001101100001110000101100110001101011101111000111010000110011010001001100110000010111010101010000000000100111100111100100111001001110010110100111111011111001001010111010110010001010000111001000001101011111100100001000101001011110000001010111111111011101001000001111010011011100101010111010010100000000100001111100010010000001001110001101010011000111011100110100101110
0010100110001110101000110111100000100000100001000101011110101100001110011011001000100100110100010101100001001100101001111000001101110001101100000100011011111110000101111111111001000010011110011010100110011110110110000000101101111111101110011001101000110110110110111000010001011101010011110010110100000001110001110000111100011100010100000000000000000000000000000000000000000000000000000000000000000000000000000000000