1110100110100011111110010011110001101111011101011110110001000010010000110001001111010100010100110100000111000011110001100010010001110110001000111011101010000000010010001111111111100010000010101100011001011000100110111110101001101001000111001111101011110010011111111111000011111000010000011111011111011011010000111010100010110110100100110111100011000111000000001101110110011010011110010001010111110001100000100110010
1001001101111101110101001010100000111110010000101100011101010001101110001011001011011011000010001101110100110010001010001111011001111000010100011001011010101011110000101000100100010011110101010110000101111001101100011100000011111001110110000001100101101010101110001011111100001000001101111000001000011110110110100000111111001011001011110001101010001100110001010000000000101010010101110010011111010011110100101111111
1111100001001001101100101001000001011101101010110111101110101100011111011101011110100011110000001011111001111010010110100100011101001000111010111011000100001010100010011011001100110001101010101111101011011000001001011111010010011001101110001010010010101101100001010111110111011011011000000001111000001001100011011111100111110110001001011010100001010100100111011011101000101010110111000000100100111010111010101011011
1010001111100111110100110011010011011010110011110110101000011000110110000011111110101110110011100100010001110101000111011110101010010000000001011111111111011110010110010010011101011011100101110011000010001101011101001100010011011000111100000111011010000101000110000010000010001111010000101001011000101101100101011011010100100111011101110011110101001110010100111000010101001100100100100110101001000111110010101000000
0111100001110000010101011110011011110000010110101110001110000111111111010111111011110001010000001110101011110000001011100010111111010010010100100000011000101001000001101101110111110111111010110111010001101011011100000000010010100101000111101001101011101011011101001001011010001000010111110110111101111100001010000110110101000111011111011000110111000101001100110101100011100101001100011101011100101011110000100001001
0110000000101111101110000100111100100000110110100110011101000111000010000101111111010011111111111001000011100111001001010001010001000100000111100111100111110001110100100001000010011100110111101001011011000010001100100000111111100011001010000101101111001110111101100010011111010100000010110001001100100011011000110101000011010010011011000010000001011100001100111001010100010000000000101100011101000110000001010101110
0111000010111011011100010010011110101101100011110100111010111010010110000111011100001011000000000001100110110010011110101001010100011001001110111100100010111111010000100111011111100001110100011010111100101111101010010110100101011010100110111000100011101111110000001000111101101111101110011011001011010010000010011100000101111001010111101111110010000010010100001110000101101011110000111100110101001101001101011011001
1110001110101100110100110101000001111010110001101110111011010000111110110001000110111000000001011101110110111010110101101101000010001000111100011111101001111101001100011001100100100101111100000011010001101101110011010001111100001100011101111010011110011110011101100110000000000110111011110111101110010010110000100111011010010010010101100110000010100011101001110100011110110100101001101110110000010000111111110101110
0010010100010000011111000100011111000001110011000100111010000000100110100000010010110101101111101011110000100110111101011010011010001001000110100111010000110000110111011011001001010010100011100100101101110110100000111000110101011111000110011110110010110100001111110101010011010000100111111111110100001010010110100100111100111110010000000010010111100010000110010110001111010100101100111010101101100101110111100101011
0010011110110110110000110000100101000110011000001000001111001011110110000101110000000010110010111011100111000010011010110101001011000000010011011011001110011101010011111111110011011011110100010111001001100111110110000111000001001001000110100011010000010110011000110111101100000111010001001110110000011010011001111101000111000001000001110001011101100010110110000100000100101111111001001010010111011110001100010011011
0100100100011111010111111011001001100000100010110100100100011100111101000011001110111100101110001110100110111100110011110011011100011100111111000101101110010101010110010111101110111001100010001110100000011100100100001100100111100101000110111001111001111010000101101110001101011100010110011100101001001001100001011001101101000100010011001011010110100100010000001010001001100111111001010101011001011011101110111100100
0100110000110001111101101000100100000001000101100011100001110111001010101111111111111101010010110001011000000110001010110011010110111111010111101110010101100010010001111100010010010100001101101011000100101110100010010111100100011011001101011111100111110001100010000100011110101100111101100110000101101100110001001000101111001101110101100001011110011111100010101101000000001000100000001101011011101101100000011000111
0100100000010101010111010101101000001011101100001100110010010001111111101000111010011111110000101100000000001100001010000100010101010011000101000011111110110100110101010000000010000010000010000101010011111100111100100101010001000010011110001011011000011101101101010111101011001010010101000001100101110111000100100101111010010100110101100011010001011000101110011111000100100100111011011110110001001010111010110010000
0011011101000100110110100111000010000011111110110011000010001100110101010011000000111100101101101101010111100111100001000000000101010001011110001010011101111110110111101000000110101111010100001001011111100001011110100101010010000001001000101111011110010101001001111101100100110101100011000100010000100101111010110101111011110011111101111110010100001101011010001000000101111010110110100111110000010001111111110010001
0000011011000101101111011101111000110101101010101000000000110100111111001111111001100110001011100101011111011100010111010011101110110110111011001011111010101101010010101111001111011111000000010111011010000011110000100000101100100000100001110010001110111010110100100001101111110011011100101010001111000011001010011101111011100110110001001011110111110011101010011010110000011000011000010101101000111001011111011010100
1001000000011100110001011010110011011000000011101101110100000101110000000011010101010100001001100001101010100100001001110011110000101110010100001000111100110000110001000011011101101100110101110110111111011001001101101110110110000100001101001110110101111011000001101011101111001010101111110101001101010011010100111100101111110001001111010101110000101101100001100010110011010000010001110101110100011010110000011011011
1011111101100000011110110110000111011101111011000011010110001111011110000011000000111101110111010111001101101011100000100010010001100111101111001111101100010110011110000000100010100001001100100110010011100010100000111010000100000110101001100111100010011010010101010110111100000110100000000001010001011100111001010101110110110111110100101001001011001101010010011011101010100100101001001000001101010111100110010011100
1110011011111010011111111001001000100001111000101100001001111101001101111111111011100000101111001000001110101101100011000010000000100111110001010011101001110001001111000111100110010000110110011010111100101100111101010000010010101011010001010010010110111101111110010100110101010001100110001000101010110010011101001100011011101110000110111010011110000001000111110111011010111010010100110001101000011010011000010101010
0011010100101110001100100000111001010001101101001101110011001110010010010110110001000011011010000000110001001111100100011100011000101010100110001110101000010000001111110011110110001000010011000110010110110100000001101111000001010100100000110001011110010101010001110010101110000110011010110010011100111000000010010000101001110001100000100100110000101101101110010111110011000001001010010011011010101111010110111100010
0010011011111100011101001111101100110111010000000010100111001001111001110011100010000001001001000110100110001000011010100001011011101100101111000010111101000100000001011010111111110101111100001000110111100100010001011000110101111000101111111001010100110110101101110111011111111100000100000100000101010000111100001011001001110100101111011101111010100001101000000100010111010001001000000111000010010010000110011011010
1011111101010100110010101110000100001011011111000010101100000011001101101011001011010011100100100001001111101000111000000110110100011110000110000100011110101110111011111001100010101010000100011010110110010110101001000000111111000111000000011110110010011101001000000011010011101111011011000000010100000110100101101110100111011011011000111101110110010001001010010011001001110111110011000000000001110010001011001111100
0110011111000110110111010010111100000100111111011110011111111010100100011111111011111111011100010001110111101110010110001001100100110000100010111111111001110001001111101100111010001000000010101001101000010111010001111101011001001000100000101111110000000010010110000000101001111100111010001111111011110010010110111111010100101111011001111101101100111010111000111000011101010100110010001100111001100001001101001100100
0111011100111110110001010001101101100111100011100100100101111011001101000110101001110000010110001010001101010101000100101001100010011011110110011000101110101000001010111001001011110111101101011101011100001100011011010011111010100001111010110001011111001110010011001111110111000111001101000001110100100011001000101000001111000001010000000110110010011100110101101001000101110000101101101111010100111010110100110011000
1101111000100010110000010001001111110000000111110101101010111000010111111010110111011000010010011100010000101010111001101110001110101000100110111011101100001011110000011100000101010111110100000011001010101011001110100100011001000111101010000001101100010011011001101001010000001000101011101000000001111111110011001101001111111101010000111110111100100010111101011101000010011110011011000001111111111111010011010010011
0010000001001000001011010111011101010001001100110000101010100011010001001010000100100011110111110001111001110010100001000010100110000110000110100010110111000000010000101111001110000100011101100000111111011110010000101001000111001000110100110110100101000010100000101011101000110001111011001111000010100001001010110000101001011010100010010100100101011101011000100110001110100011101101101011101100111010110101001110001
1011011011101000011001010001010001100001101011010010101100101110011111011101101100110010101000110110010110100100010101111001000000100000110001100100001001010011101001001010111100100001011010111101111111000001111111010001001101111010010101010010001110011100110000111010000000001110001111101100010001010111000101000100010111101010010101101011110010110101100000100001100101011011101110000101100110011000001011110100111
0101010001001011111010100100101101001000111011100110010111001101110000101100000101000010101000110000101001100101011010101001000011011110010100110110011100100111001011011011011101100100011011010011000111110001101100110100010110000101010111101110011110110101010111100001100000011101100101100111010100000010100101001110000111010110110010010001101110010000110100101111100101000100000111101000100100011111000001010110001
0001000100100010011101000000001010010011011011110001001000000101011000011100011010000010010100111010001011110110110101001000110110011001000100010001001111001110000101110001110001111101000111010100111111000110101100110100101001110000100000100110101100111010010111110000001001110110001010001101110100001011011010000011101100010111101110000010010001110010000001010011110010111101110001110011110000110010110000011111001
0011010011110001101011110010001001000100011100100010010100110110111011100111001010110101011101010111110011101100101010001000111001001111111001101110001000011111111111001101001101011001001111110110100010100000110010010010100001101100100111010101100100000111100110011000001011000010010000010110001010010111011100001000001101111011111001001010100000110001111110001111100010110101111110101111011011001101100111010100110
1100110001111000111101110101000001110111001100000010010111001100100011110101100011100010110111100000101101100111110110110010110001110011101110111101011111000010001001010001001100101101110011010000010000010100001110010110011001111100010000110111100110110101111101100100010011111011001110001001100010101010000110001011000000101110011000110101111000111111110100111100000010101011101001100000100010101011101111100001001
1011010100001110000011001010101111011011011101101111001001011001101101101001011110001010010111110001010011010010000100110110011111111111100101010010000010111110011011001110111011010001110001100011110101111011011100101111101101101000111000001010110011001110110101110100101101010101101100111010111101011111110100001010100100101110000010111101111111001011110101010111000110110110111110100001011011010010110011010110010
1101001101101000011110110111010011001110111000110110010010110101011011001001010010001010111010011010110110011110010001101001010101110111011001010001001000111011110111100111100000010110001111001100010010010111110100111111100000111000011111011000010111110000111100110011101010011110010011000111100011010111010000111001100111111010101000111100010011100011011011110000101101110000000101010111111100011100110111100000010
1000001100001001110111110110110000011000001000110011111101010001010010010110100010110001010011110000101101011100111110000100100110100111011100001110011010010010111100111001001010101101011001101101110001001100100001111111111110001100101111101000001010010000110001000110110110000000110000000010101100100101110000111000111110111010000111110100110100010110110100100010100001010000001010110110101110011010000001111101100
0101100110010111001110000101101010001100011010111011000000100100101000100111011111011110111010100001001110001000110011011001001000111110110100110001010000110011110010110011001101101111100101111011001001011001100000101010011111000011110110101100010100001010011100110000010101001011110100111001111111111010111111011010000101001000000101010011101010101101010101010111110100110101011111000000110011101111111001000111001
0100010101010100001011100000110001011101010101110110111001101011100101001101011011111101111000000110001011000001100101010010100110110110000010000000001010110110100110000110111010010000111101001101100100101101010000110010110011110010101101010000001111101111011111111011010011001111010100100001010000010011101100110100111000010011100101100101101001110011101011110111011000000000010101000101110000101001001001111011100
1110101011001000111110111111010010101000110011010101110011010111100011111001110111101011001000000111100010101010010101111001100110011111010111001100010100101100010101010110000001110101111011001001000010111000010110110101011101111010001111100001101011001000011101111111010011000011001011011011001100011101111001110011101000001110000110010010001000010110110100100010111111011110111010000001100001000010011101010001000
0010111011011001011001101101011101110010101111111000010000100001100001101101101000011101111111000100110100101100100110000100001100111110011001010010111001100110101101101101001001011100111110110010000101000010001100111111100100101000000010010010011010010101111010001001101010101100100110111001011110100100010000011011011011011111111100100101101001111110000000000110010011101110011100100001010110000011101111001100011
1010010100101000110000111000101010010101010101111000111001100100110001100111100110100111010000101101110011001110011101011100010011010100100100000101101111010111010101111010110100000001110100000000000111010111110010000000010001110100000111001111010111101101010111010000000000101100000001101010010001101000110100001001110110010101110100000000000000000000000000000000000000000000000000000000000000000000000000000000000