110001101101101001000101010000110000100001101001000100111110101001111111010110010011100100100000000111000001010011001111110000000111110101000111001011100000001001001000110100111010111100010111111111100100000110110001100011001100001010111
010010001110100100110000110011100000110101110110111110001010001001101101011111100011110011101111010000101000110000001000110011001111001101101110000101111001001011010111101001101110000010001111111110000011000110101011010010001000110110000
001010011111011100010000000010100000010011001011101100010111001011000001010101011110101011101001011011101001010110100011010011011110010100110110101100101110111000101001111010110100111110100011110100010110101111110100011001001001001000000
000010110011111100010110111111011001100000001100110001001100001011111111101101000100101001101001001110001010011011111100111110110010011110101100011111111001110010001001011010101100111000000111101101100110110000011100010101001011011111011
110011110010111000000001111110111000111010110110010101111100100110101000001000111011100011101110000111011011000110010000110000100001110001000101000011100111111100111100010011011010010101001011100100000010111010100001000001011111111100000
010001100111111001011110001101000100111001101111100101100010011110110101000110001011001010001100001000011011101000101101111100110011110100001110110110000010111111011001101000100010111011100100111110111100001111100000011010101010111101110
000110000100011010110001111010000000110000111011011010101110001010100110011001011000000100011010000000000011000100010101011011001001001010101000000111100011011111111101110000011100001010001000111101110010000001111000100000110111110111011
001101001001011001011100101000000101100110000110100001110010001011100000111110100111000010100111110001100100001100001001010101001100011110001111011010011000000001100000111110011110100011110000011000111000010001110101000111111001111011010
111110011100011011101111110000101111110010000010011111011101001001000010010010111101001000100110010000111011111011010011100100110101101101101010110001010010011010101101001101000110111110010000011001101000110110001001001100111001010010111
100011000010100000111010000101001001110001100100111101011111101000001100001010100110100101000110110100011100001001101001001110111001101111010110110111110010011011010101000010100011110110101000100011010011000000001110111010010100101111110
110101100111111100000100010000001111100001100010110010010111111111010001011100101101110000101001010011011000000001110110101001111111011100110000111100010010111110000111100100011111110011100011101010100000001010111100010100101011101111100
111110000001000011110011011110010101110001000011100000011011010010110101001011101001101001110010000100000110101011100101111001001111001011010100111100111101000010001100010110000111111011101010010001111010101001001110100111111011001001101
000011100011010111011111000111010100101100101010000010101111010101010101111111010010000001110101100001110010110000011010111101111000100110011111010101111101001001001001000011000110000111011010000010110111000010100001011110010100000111000
000010011001011001010111111000011110010101110010110111100010010110000100010000111001000011111000101011101000011110001011001100010000110011111111010011011100101001101010010110110001100001011100110101101111101010010110111010011000000110001
010001011010001110011110100100010010000100111000000100100111011110111111100100110011101001011111001110000000001010111000101110000100101000011000000010101011011011111110110010110011000001100100100010001001100010100001000011100100000111000
111110010011101111010100111100000100100010101101100111000001010111101110011101101001000001011101010110010101110001001110001111011100100101001111011000011001010000000000000000000000000000000000000000000000000000000000000000000000000000000