11110011110110011111101110000101000010101000011110100111011010110000111110001001011100000101011011000101011111110111101111000010000001110100100101110100000101110000010101011001111000011011000011001110110001000100111110111011101101011111000111100110000001010110001100101111010000001111100011110010100110100010110010001100111100111000010111011011011101110101000000100000010000000111110000010101010111000001111011010001101100011010111000101101001011100110100110101110000000011000100010101110001101110010100011010110101011111111100100101000101011101011001010100000000110011100101111101
00011110101001001101011100100001010110111101111110001110101010101101110101000000110100101010000110100001110001111001100010100100010000101011100000100111111010011001011001011000100110111000100110011110010001001011010001100001000101100111110001111100000000000101101010111100101101000101010100111000100110000111100010011010001100001011100111101011001110000011111011011101100111110010011100011111000010001010100100100111111111111011101001000000101011010111010010100101010110001100101000100110100010001101001110101111000001110010110101000011010001000100101101011001001100011100001010001
01111011101111101010111000000100100000100101100001001000001101110101111001100100000110111011101000011011111010000110001001000010110101101011001011011101010001000011111010111110110101111010101001100001100011001000000100001001001000011110110001100110110001100100000010011000010111001110001100000000000000100111011000010010011111000011100010111010000000110011100001101001110110010000101110101001000010001100100011101110010011000100111100110011100010110010000011110001010001101110101011100010100111000010110101101101100010001101110111010100001001110011000001001011101100001000100000101
11001100111010010011010110110011111100100101011101001111001110001110011011110111110010111110001001001010111011010000000111011100011001010001100011000001100001001011111000010010011110001010011110110111101010110001011101010110111011011000101110001011010011000000001111010110100100001101110001100011101111100101011101000000000001111001011010101011010000010100011000111111000000011100110100011100000111000011100000111011000000001111011111111111111010100100111101011111110111100100000010110111001100100011100000101100010011011111010010111011000101010110101000001101010000110011111001100
11000010100101011001111101111111011011111010010100010110110010101010011111011100110001011011010011101000100011001101011011110111010100010000000011010000011110101001011010011101100011101011011111100000111010110101110001010111101001011011101111011101110110111111011100001100011101010010100110101110100101100000000011101101010011000101110001100110011000010011100001111100011001101110101000000010111111101010001110101010111111001010001100110000001110011101111101100000101011011110101101100001000100001011000001001111111100111011100110000101100100100000100100100110011010101110111011000
01110000011011001011100010000000001000001101001010000100100010010010110110111010011001011001110000111000110101011100101100111010101111001000100100010001111011011010101111000011111101011010100110000010111100001101011110010010110000111001011111010000101011011111100100111110001010000011010010001000001111101101100100000101110101010100111100101101111010110011000001110100110001010011010100100101001101001100000111111110011000111000001111010111001110100110110010000000111001111001110111000001010010000100001101011100111011101100100111010010100110000110010110001001011010110101000100001
00110111101011111101100100000101101110010010011001011000100110111110010101110111111011111001010111110000101000100000011001100101110011000101001010001111001000001110111100000111100101100101010010001011001000000110011001001111000101100000111111010110100101100010110011010001101010100000111010001010000101000101011010101011101001001101101111101001100110111010100011110010100101001001001100000011011001100101000101000011011000000111010000100100101110000100000111001111101010101001011011001110010000000010000011010100010110110101111110111011111001111011001101010010101100111000010111110
10111010010011011111110100100100111010100101011001100110111100101100110100101010010100111101011000011001101100111111110000000111101110011011000100111010111101111111101000100110111101010001010001100101100011001111101101101110000101011011010111001100111101111000101110101100000010001111101011111000111100010010110011101000100110101000111010011110100110110000111100110010111000001010010010110001100111001100011001011011011010001010111100010101000111110100100001010111010110101111011111001000111101101010101001101101001001100011011001001100111000111001001100101011100110100010010011010
10110111001111011101100111001001000110000100110000101110101001001000100101011001000100010111101001100010100011100111010011011101011110001011100001110010110010010000100101100110001111001110100110100101110100001110110111000101110100111100111000010011011000111100011001100001011100010110011101110101111011001010100100000011011110011011001110101001111000100111011001111001001110100011001111101010100111101111101110111101110101101101010000011010110110011111101000101111100110110010100011101000100111101001111011100011100100110010000001111110101010000101011100010010100010101010001111001
10111101010001001100011100111100000110110011001110111101000100100110000011000101100010101000011100101000001110001000010111001101001100010011101010000001011000011101011010101110101000111101111100111100011101111011101101011110011010011111000011001111010101000100010111101101101001001100011011101101011111101000111111010010000010000110001101010000001110111010101111010000111010010110011011100000111000010000011000101001101001110000011111111101100110001110110011000011101100100110100111011110101100000001100010110000010010110111101010000001110011101010101100100100010011100111001011101
10101001000010011101110101001110010101101110101111010110111011010011100000101100101011001100001010000100100011010000101111011011101000111100011000010001101101100000010111010101100101101110111100111000110001001111011111010111111011011101101101111100101110010110100111100111100010100111101100101101001000010010111111110100100111011011110001010110110000010000111001010000110101011101001000111001000111100100101101011011110011110110001011011001110000101001001101011011011100111010011100110100110001011001011011101100100010000010100110011100000111101100110011101101010011101110110101011
01100000010110111111000001100110011010111000000001010011101011010011101010111001000001110110100101010110110111110001101000100001110100010001101101101011010011001101111000010101011100101110100010100011101101110110110000000100100010100110000001110100101110101011011111101101101100111101001010110100010100001111101010001010000010110000010000110000011101011010100010111010001011101010011101001001001011101100101110110011001001010100011101011101011000001111110011011101111101001110000100011111100100100000111101101011000001011011110010000011100001101101000001111110010000011011110011010
10011100101110111100110111110011000000010010010010011001111100001000100001010010011011011111000110011101110111110110010100000110101000111000000101110000101100010100100110111000010011111000110111111110001011010010000100001101011010101001000111111001000000100001111100001100110010000010001000001101110001001100001010011011100001001110001010001111010001001100011001110111000111001001001100111000111010111110111101100110100110110110111000100100010001110001111011000111000111111101100011011001110111000110101010111101111101100011111101111111011100111010110011111101011011000010001011100
10001110101101011111110000000111010011010101000101101010100111011111110001100000001000001110010001000101111101110000011011111001101010000000100111011100000101111110101011100011100000100111001001110001001001011011010101100000101000101110000010011101011001110011000111001000000010000101111100000100100101011101110011000101010011100000010000000011111001100011101010010100011101010100000111110100100111110100000100110101010011111010011101111110000010011000010001010101101000100000111100110100011101100011101101001100011011000101011111001110111011101000001011110011101000101011001000011
00001100101001000100001010110100001110111000101011001001010000100001101010100110101000111001110010110101101101110001110111100010001111001100000101100011000110101110110111010111011100011100000010010110111000100100011100000111000011100010000010100100111001010010101000010000000000100010110000100011100011101110100001010110111100010111010101110010010101011111100110001011100000110110101110100001110011100001101001100011100000101010001000101100110001001111011110011001011110011001101010010111110011101010101110110010010010000010011010000010101101011101100101001011110011000010110101110
01001001101101101011010100010010101110011101111101011111001100111010010110111001111001001101100011010100011100101000110010010111101010000010011101011000111110111100101101010000001001101000110011111000010000110001110111110000000110001111100111010011011001101010111110010110111111110101101011100000000000110111100101010000010011011101010011100001001000101100011101000010111110110110000100000111101001010010100000000000110010010110000110010110101011011010000011101001011010100001011100101011001111011000001011111001000001111100001101000111000010010111111010111100101000010001111101100
11001010001010001011001001011100000001111111001111100110010101011111010110110110110010101011101100011111000001100010011010110111001111110010011111011111101111111101110101100000110011000001111100001001001111010000010011010101011100101111001010111101110100000011111011110010111111001010111000011101011111101100011010111111100110101110001111011101100000011010011011111011110011110011011100110011001000001110011111110001010111001110001010001110111101111101000101011111011111011001101011010011101101011010010110001110011110010011101010100111010100010110100110111001111100011110000100110
10010101100110001001011001011001100010110001001100111100010011100110110100110011001010010100000111100100110010111100000100111000010100110110001110011010011011011110001000110111000010101010100110110111110001110011100111110000000010111111001100100101000111111110111000010100100011011111101000111010101110110100000100111011000100110110111100101001000110010100101100011000100101001001010100000101111001101000001100001100010110110100001001011111011000110101011000111001000001001011011011011001101000011111111011111001011010010000001000111100100101011010000100011000110100100110111011110
10100100010011110110010000111101011110001101010101010111111110011011101100100001001010111011010001111100001000101111101100111100111010101110101010100110001011111100100011001001110111111001010000110001110110111010100100010111000011011000111000011111111001000100011001011010010110000000011101100000111100000101010011000000100100001011111010110110000000111110010100010000111111110100100101010101001100011101010101110011100010001001010101001001010010010101001110101111100111101001001110110010010011000111001111110001111010101110101011001100110010110011001010000111011110110011101000101
11011001011100000100101100111100111111100111111000111010111010011100101001100110010000110010000110001011111111001010001110111101111000101101001100111011111010101111011111010001111100000100110100011100111001011001011100110110000010001110001100011011101100111110101101111101000000111101100001111101100010000111100110000100111000111100011110101011010000101011000101011001001111001001000100110001000011011000011011111111101111011101110001000110111111000000000011001000100110001111010011011100101110100100000001010011001100110101100011010001110001011010100100000001011111001001111001011
01111011001101001100000000111101011100100111010001110010000100100000111101101101001111001011001010111000001010000100100110001001000001101000101101000010101010110101111101001000111110100001101000100010111100010011001100011010000000111101110110001001000010100110111101100011001110000111011011001010101010011110101100011110001010010000110110100010011100000101110100001010010110011111010111011101000101010000101110010011001110100101011011111101010110110000001010111010000001010000101101101110000111110111011100011001001100101000001001101101111100000101001101110110101111100011100001011
00000100010000111100001111110001101110001100100111101100100010110110011011111111001000001101100100001100000000100010111111001011011111011111110110001000001011010101010011010001101001001101100011111101111100110001101110010110101001100111010011011111000001101100000100011101101111010001100011110000100000001110111110000100101110111110111001011000011110010001011111111101000111101110011111110011111110110111110011111001010000001011101110010111100101010110011100000101111111111011101000011110011001001110000111100010100100110010011111101000000100000010011101010100101001100010110101110
11000111111100101111110011100001001011001100010011000001010010001010011110110101100011000011111101111011011100000101111000101011001111011000110100111110000110011111111110000000100011001000011010011100010001101110100110011100011100011001000101111111001111100011110100010011101100101100000110110101001101001000001100001001110110011110011001010101100011110100101101011101010000110001010111011011010010111000110110111101101110010111110100101111001101011101000000001101110111001011011000110000001011100011010111110000110101100001101101010000101011010100011110111001001110010100010001101
10100011110100100111100101101001111001000010111111101011011000111100100101100100010101111110011011101011100101010100110111101010000111010111000011110100100001111001001000001000110010101110110100001101011010101110100111001111111011010111111000100111101110010001111011011011100101001000000010000000101000101001110001110011101111101101111000101110000111110011101011110111101101110100001011101011110100111000101110010111010110100010010101011110111100001010010010001001110010111101010000110110000001110011101001010000010101100100101011011100100100110111110101111001000111001010011111011
11001110011010010101100110111101101110111010000001100001011101011010111111011000110011000101001000100110011001001111010100111001011010001010101111000111111100011101100110101100100000010100010110100011100001000110101010011000110110100011001000100000101001011101111001011111110001001101010010000100111110010001101111010110101011001110101010111110000111010111010110001110001000000000001000000111001011100111111010110100111011110000110001110101110010101100011001110110010011000001000001111111000001011111011010001000110101111010010000100001101000001111000001000110011101010100110001111
00101100010111100110110100110111000111110111001011001101101000011111110001110111101000001110110110000010100010110001100011101101010010110100010110000101011101011110110011110000011110011010110011000001001011100110000011101100000100101000001001000101000010100010010010111110110111101110001101010110110001111010010100001100001110000010100000111101110001110011010000010111001000100011011110101111010101100010101101000010000101111101101011001110010111111001011111010110010110110110111100100111001000010111111000101100001100111000111101101111001010001101101100001110011100010010011001110
11101000011011111001001100100011101011001001011010100110100000111010010110111110000000001100111010111011000000111100001000001011100001011000101010011001000111000000100011011010001001011111000100001001010101100110010010001110011111100001110001010100000011000110000010101001101001011100000111010010100010111010001100011000011011110101011101000100011111101001111110110010010111100101010011101111100100011000000001001001000111100100100010010100111001010000111101000101110000110010110000101111001011111011010001101001101100001100101110011010101010010100001100111011000000101011001001101
