00011010110011010100111110110001010101001111111011000100101000001100000101101111100011010110001110010000010010000100101010011111110110000111011000110111110100011101001001010100100011000101110110100111010001011011101101010101010100111001001101101000110000000011000001101101010000001110011001011110100111100010011110101111000110110111001100110110010000010101010110101001001111001001111010011011001100001001010100110001100001011000101111100111001101010001011001101001111000111011010101000101111011110100001101111000100000011100101001001100001101101101110101011010101000001011000111001
11100100010111010000011010000011101110011010011100100000110000100111011011001001011000000011011110111011001011000011110110101011110001001010111011000100100100110110111011010000001011000110110101010100111010100110010000101110100100000100111000110000110111110100001101010001010001001000111001011110001000111101111101110110101110110100010100011011001010000110010101000111110110010101111001000001100011000100100001011011001010111001110001010111101101010011110011111010101101100011100010000110011001011011000001001101011000011100001011011110101111000001101111111000000001111011010001000
01000111111110010010100101000100100000000100001001000110011010110111100001101000001111101101000000110011111101111010000110111001010011111111011011010011100101000110000100111011100011011110111110110100110001001110100000111011110011010111100101010111001001101000101110111001011001000001111000001100001101000111010111000011111000100011101011001100010010111100111010011010100100010000111001010010010110111111110111011011010011001111001010101110010001000010000110110111001001100100101111111010110011010000100110111010011000000110001000100011001011010110100010111011010100010111110101101
10100011100011011011101110000000010010110000011111101100110001101000011101010000010110001000111111100101010001110001101100100110000011111001000001100100101101010011000101110110110101110010001101011111111001010111110000011110010010001100110111111001101011111101100101100010010110111111001111100110010011100000100010100011001000100100110010100101001111000110000000100110110000011101101011100011101110000111110001010110110000011101100001110110010010101110110011100100110001110010111010011000100000000110100111111110100010100011100000111011011001001110101000110110110010010001000011000
00010010000100100001110111011100110110111001001010011101010010011101010110010101100101010010100111111100110110110111100101000001001100001110011110101011101011000111101010001010010010000111110110000011101010110000101001000110110000010111000011100111100001101110111100001011001011110011011101011110001000001001100110000000011111001101001001001011111111111101011101101100110100101110101110011000000000001101000001101101010010001111010011011011101000001001001111001010000001010100000100111001001100111001111011100011101110110000001000000100111001010100101100010111111100101101101101011
01010111111100111110000110101001111001001010011001000000010100000001001010111111000011001001111001001111011110101011101111101001110010001111110010110110000001010011111000110010100000100111100110111000010100101001011010010101001101000000001001000011101100101010011110100110010110001110101101010011010111010001000110111001110000111001000111011101001000001010100101001101010110101111100010010100111101001011010111110010100011001111111111101101110110101011010110100000011011010110010001011100100000110110011001101000011010001100110000000111010000010001101010100101011101011101100011000
11011000110110100010011111010111100101001111100000010100011110001010101101011101101010010000101111010011111010001001111001001111101010000010000110011001010100110010110100011000010111110101101011110000000100010001000101001000111101011100000000111011000111111001011000010001011110110100010111100010100000101001011001010101011010101100101011010110110101101101000101101000001010000000111011000011110010001000101001001000100000010010110000001011101001001100110101001100110101100110100100101101100110100010110111011111111110111110100011110001011011110010000111111110101111111001011110101
00110010101011100011111100001001101000101010100001001111000110110011111011001111011010001001000000010011010000001110010000010100001111101000001100010100001110001100010101011000100010010101000100011110000001111110011111111111101010001000111100001100110001110011000110101011010011110111011001111100010110100111010001111011000001101010001011000011001011110110110110100011110100001011111100100111111000101100101100111000111011110011000011011100010101111010010111110001000011110101010001101110111010111101110101101010100101101110110101010011100111010101101111010101101000110011101000110
00010110111001000010111100110110100100100001110010011110111111101010110100101111110011000100100101001001000000101110010011101011101000000111110110011001100110110001010100100111111111001010000100100001001000011001111001100111001010000100011010010011110111111110001111001010100001100000011110100011010100001001110100001000011101100001110001011011110100110000100101100010100001100100100111111110001101111000001011001000110100001001011111111010100011000111000101001111010101000110110100001100101010111110101101011010011100111001111111010101101000010100100100011000001001010101011011110
10110111111100000100110000011101111000111011110100000100111011100100100001001110011100011010111101011110001011100010000001011001011000001100001111101101001111110011100000000010111000011110010000110111110110101011111000011101010001011101010111101101110110011110100011100010000010001110010001101000000111111011100101010111100100011001011011100110001101111001011101011001111001110111001001000110000110110111001001000111011010011000101101101100100001110111001011001010101010010100011011010110010011100110011010001010000010111000111111001110111011000011111100100110100110110010101101111
00111010011100011001110011100101100001011010100100101111110000110111011100100111000000000100010110110010110100101011100000010010110101110111010100111111111011101110000011000110101001101110011101010001111001100101000000001101010010011101100110001001111001100001010100110101000010111011101101101011101100010011011011000001111011001001111010111101001010000011110111110011110001001100111110011010100001011011101000010011011111111000011111000110001000111110000101010010110111110101010010010101010011001010010000000011010000000111010111011111100000001010101100111101111110100111011011001
01000100010011000101111011001111110011111111000101011000010110011010010010110010110000101101010001100000110111110111110011010110110010010001001101101100000011110101100001100101001110110001000000111110000010001000011011110000111111010001011110100010000000111101011100110110110011000101111001010011001110101110010100001001011001101110111010101010101111110011001101010000001101101110100000010110110100100101001100001111100000000000111111010101001000110111001011110100001101101010011011101010100000110100010110011111011111011010010010110001010110101001011011110011101110100110000010001
01100011000100010010100101100100111010100001001110100101010110100011100111011001011111000011110010001001111001100110000100111001111100111001001110011011001010001101110101100111111110101001011101011000101111010000011001110011100111101111110100111111011110000101101000100010011111000001010111011010000100101011101001010011011001110110001011111101010000110001101110010110101010010000110010010000110001001001000111001111000101001101110111111001110000111011011011101111101110110000010000100100100101011011100111010101111001110001110100101101011111001100010100101101111011001001101000010
01011101110001000000101110101001001111010001110010000000010101011010011111001101100100011101111011011110111111000001100010111000100000101011000110010100100010011111101101111010111011000100001011000110011101000000000101101000101100101010010100010100011011110011001100100010010100110110101111110011000111101000100011000111110110101011001001001000011000101101001110111010101110001110001000010000000110010000001101110100000110001011110001111001001110111111111010001101100100111001101100011010000010010100001000001111100010010101111011001111011100110111100101111111111111010111010100111
11101111011110100011110000111110100000001000100010010000010011011011001000001011111010100010001001010000001100001001101001101101001011010000010001111010001111001101010010110001011000000001011010110110011011111001110011000110011111001001010010001111010011011010101010001110101111110100001000101100101101001001010101011011110111010001110010101110111110100001110100010001000101011111100010101101111101101110100001000100010110001010100010000011111111101111001101001000011111101011010110011010111110111011101100001111100001011101111001000011110001011100011101001010100010100101011101000
01001101001110111111011101111101001001011100110001000011011111000110111110111100111101111010000100000011111010100100001110100110010111011111110101110010011010111111011000000111111010101001011110011000000001001111101001000011101111010011111110111001000001111011111000101001001111000111111010111000101010111101000101010111010010001100110011001111011010011010101000011101011001000010111000000111010000010101001101101001100000110110010011000101110001111100000000000110010110001100101101111110100101110000100100110000001011110111101001100001001001001110111000110110001011010010000101010
01101110011010000100010010010110010000001001100001010011001100010000110001010111111000001100000111111110011111011010001001010111101010010010000100000100101011010110001000011110111100011111001010011101100001101000110010100010000001000001000110110001110011110010001001100100000000000101001111111110110110011010101100011010011010011100010000000110011111100000011101110001111001010101010000011100000111100110100010011010110010000110010011110001101111111100110001010100001100001101010111011011001000111011111010001001001100111100101111000011001010111110001111101100011110101011000101101
01011000111000101000010100110000110100111011101010101101111010100110101010101000000010000011100100010001001111110110011011011110101000010000110110010101110000001111010111001011010101000101001001001000101010011110100100011100010110000110001010100001001011001101000001110010111101100110111111101001010011111010110010000111111000000111011111010011011100101101100010101111110001110010000100100100101011100111100101101010111111111111001001101001100001000000010011101100000111010110010100101010100011100001000100100010101100010100001111111101101010000101011010001000100101001000100001011
00110111001000101000011000111110100110101011011001110010110010101001111100000101010001100010100010010111001001010100100101110001010101011100011110001111010101101100010111001010001101001101001101010011010111000111011101001110100011001100010100011011011001011001101000101010000010000100101011100000100010011011100001010010010001010010111101100011010110001000000101101001001100110010110010111000101110110100100111111110100101001110001100001010111110010100000101100001011001000001100100100010100001011001111100010101010010110111111100000100010110100100110011010000000011100001110001101
10110000000111011000100011001110100111101101101101010101111001111000100101110111001011100100011001001001110101110111011001100010101110110101001010011010010001110000001001111010100001010001101100001101000111101001010011000001001111000110100110111101110010101001010101101011000010001110001100011001011001010100001100010110010000000101100011000001100010111010100111011011111010011100011110010001011100010010010101010111111100101011000010010001110100100100011110100110010010000100000011000111100101100111010011000101110010111100010101000111010101010100111111011000111011111111011011111
11110111111110001000111101010101110110101111111111110110011001101001000001111101010010011101111110011100011111111100011010100110101111101010001001101110110100110101011001110100011110000100001001011100101101100100011100101010010110100001101110111100111111101000110001101110110001000011011110010001111100101111001110001101100100111111111101100101100000000000111010000000100110110001001010111010110010111101000010010101111111101100110000011010011010011110101111111111100011000001001100101001011000110000011001010110101011100111110000100101111000010100011010111001010100101110010111010
10100100110000010010011010000111100001010111001111010101101100101110010111000101011100001100001010100001110010001100101011010011110111101100001100110000010010100110100100101000100100011010001110011011100010000010000001000100100110011010010000110101011111011110001101000101101111000010111110111000101100011101011100100111101011001011110101010010111000001101001010111011100010011101011110011110111100110111100000000001100111111100100001010110110000000001010111100111100000010111110000000011011000000111110011111000110011010000110010101100011101110111010110001101001111000101011111101
10000010100111001101101010011111001101101000100011100100110011101100000011101010101111000110111100111101110100011010100011010000111001001110100100100011001110111100010010110111001111010111000100001100010001001001110110111110101001011100000100010011100110110110111001110111111000110010010101100010111000000001011011000010010000111010001110010101011001110101100001000111101000011010001110011101101000110101011000101000001101001011000011010101110100001010100101101101100001011110010001001000001011011101110001110011010101000011000101010111010110100011001010000100101010010100011110111
10001100001011100100110001000110001111010001100101011011101101000011110111111001000000011100000101001101110100111001101000001011010101100110010100011100101010111100010011111001010100100100100100000000111100000101100110111101100100100101110010000000011011100100110001011110101001111010101101000000010110110011111001100010111000011011111011010101011010101111111001111101001101000111110010101001001011101000111110001100000011000111000110010100111011010111111101100000011101100100001001000101001011011111010100010011000100001001001111010001010000000100001110100000111101111001100111101
01011000010001011101101110000011010011110101010011001110010010111101000100001101010001100011000100010001100100000100110110010001011011000110101011110111110000110001011011000110001110110111111001010011010001101000011011010000100001100010000110010110100010100111011110101000101101111011000001011111101010010101010001110010001011110000111110100001000000001001001010101100100100001011000100101110110001010101010000001100011001001000001010110101111100001100000010111100001101101001010011100000100001101010101100000110110110001101001011000101110011110110010100000000001010101001001001101
01000011001011110101001111011100110111010011011110101110101011001011010000111000110100010000110110111111100110110011011010000100010011101100100000001010110100110000000110001011011000000000011100011010000010110010010001110110101010111111101100100111001110001101011111010100000010100011100101111111011000010111000101101010001110100001110011101100110010101111100010100111010101101011100111100011110000110110111101000111100110000101101010100100101001100001000011001110000001100101110010001101000010011000101000001111010001010010111010001000111111011011100001111010110100000111011111100
10110000101011111010100101011111010110000101001110010010111001101101000010100001010110100111100000010011110111101101100000000100001101100101010010110110000101000101000100110101010001110010010011110110011110010111011001001101100111100010110000000101100110011001011011011101100010101111111011011100101000011010011100100011011010000100110000010001000010010110010000110000000100101000000111100001111110010010000100001001100001010001000111001001001010101000010000100100000101101101101010101100000110111010110101010111001111001101010010011011001110010100001011100111111000100001001110000
