11110101001011101001100100100000011001001011110011110101101010101111111010100101110100110010010000001100100101111001111010110101010111
11110101011100101110001011110000101111110110000101011011011100010111111010101110010111000101111000010111111011000010101101101110001011
00101001111111011110100011100000000000000001001111100010110101011100010100111111101111010001110000000000000000100111110001011010101110
01010011010111100000101000010101000100101010101010110110111011010010101001101011110000010100001010100010010101010101011011011101101001
00100100000100110110010001100101000111010101010001010101000001011110010010000010011011001000110010100011101010101000101010100000101111
00011100001111111001000100100110001101111011011100011111111100011000001110000111111100100010010011000110111101101110001111111110001100
10111010000100110111100111000011100110100111110011110010011011011101011101000010011011110011100001110011010011111001111001001101101110
01101001010000000011101010101000011110000001101011010000011011001100110100101000000001110101010100001111000000110101101000001101100110
11101001010011010111001111010110100010001101011001000100100000001111110100101001101011100111101011010001000110101100100010010000000111
11100100111111111000010010000011010011100100110001011101100010110101110010011111111100001001000001101001110010011000101110110001011010
10001101111000111100010111111011111011011000101100100011001111000001000110111100011110001011111101111101101100010110010001100111100000
00100100000100110110010001100101000111010101010001010101000001011110010010000010011011001000110010100011101010101000101010100000101111
01110101001000111101000001011110100101000111000001100001010001101100111010100100011110100000101111010010100011100000110000101000110110
01110101001000111101000001011110100101000111000001100001010001101100111010100100011110100000101111010010100011100000110000101000110110
11001101010111100001011110110011100101011000001000010001100001010001100110101011110000101111011001110010101100000100001000110000101000
10001111110100010000000000000101101011011101100000001111010010011001000111111010001000000000000010110101101110110000000111101001001100
11110111000111000101110011011110001001001110111111011001110111110111111011100011100010111001101111000100100111011111101100111011111011
01001101010100110101111011001101011001010100111010000101011010010010100110101010011010111101100110101100101010011101000010101101001001
00111010010000100100101101101101101100010110110111001000010110100110011101001000010010010110110110110110001011011011100100001011010011
11011100100011110000101000010000101111110111001010111001101001001011101110010001111000010100001000010111111011100101011100110100100101
00111000001011001111010101000011001010101110001101001010111101000110011100000101100111101010100001100101010111000110100101011110100011
00100100010011110001111110110101110001101000100111111011110111100110010010001001111000111111011010111000110100010011111101111011110011
01010011010111100000101000010101000100101010101010110110111011010010101001101011110000010100001010100010010101010101011011011101101001
01110111000100010001010110100000110101000010001101001101001100110100111011100010001000101011010000011010100001000110100110100110011010
01101011011100101111111101010110001110000100100111111100000110010100110101101110010111111110101011000111000010010011111110000011001010
10101011110000100110010001100000101100001000110001011010010011000111010101111000010011001000110000010110000100011000101101001001100011
00101011100100110101011011001110100110111001110101100000011110111100010101110010011010101101100111010011011100111010110000001111011110
01001101000011110010010100011101101111101001001100101011101100101010100110100001111001001010001110110111110100100110010101110110010101
10101001101011001101101001001110001010110000001011011000111000100111010100110101100110110100100111000101011000000101101100011100010011
10101001111100001010000110011110111100001101111101110110001110011111010100111110000101000011001111011110000110111110111011000111001111
00100110001000011010000110011011010111010000011101111001011100000110010011000100001101000011001101101011101000001110111100101110000011
01111010111111111001100100100101110010010110010011111010111000110110111101011111111100110010010010111001001011001001111101011100011011
00100110001000011010000110011011010111010000011101111001011100000110010011000100001101000011001101101011101000001110111100101110000011
10111000001000011011110000111101110110100010111111011110000110000101011100000100001101111000011110111011010001011111101111000011000010
01011100100000100100001101101110010011111011111000101101010010001000101110010000010010000110110111001001111101111100010110101001000100
11001101000000100110110001100011010011100101111110111111010111101001100110100000010011011000110001101001110010111111011111101011110100
10001101101111111011111000101011001101100101011010001101111001111001000110110111111101111100010101100110110010101101000110111100111100
01010001011011001100111111101011010100101111100110011010100110001010101000101101100110011111110101101010010111110011001101010011000101
01101001010000000011101010101000011110000001101011010000011011001100110100101000000001110101010100001111000000110101101000001101100110
00101001101000011001001100110000110110111100111001001100000011100100010100110100001100100110011000011011011110011100100110000001110010
11100110100100010011101010101101110101011100001011011111001001010101110011010010001001110101010110111010101110000101101111100100101010
01000010110100110110110001100110111000111000011110110000000101110000100001011010011011011000110011011100011100001111011000000010111000
11110101011100101110001011110000101111110110000101011011011100010111111010101110010111000101111000010111111011000010101101101110001011
00101011110011110010110100011110010000000100000011001110101000000100010101111001111001011010001111001000000010000001100111010100000010
00010001110100010001110110100011001010101111000010101000001000011010001000111010001000111011010001100101010111100001010100000100001101
10100110011100001001001100110101011101100001011001000011010001111101010011001110000100100110011010101110110000101100100001101000111110
01010001001100001011010000111011100010010010010000110100010000110010101000100110000101101000011101110001001001001000011010001000011001
01100110110000000000100000000011111111101101001111100101000100101110110011011000000000010000000001111111110110100111110010100010010111
11011110111000011011010000111110001001001111110000111011000010101011101111011100001101101000011111000100100111111000011101100001010101
01101011011100101111111101010110001110000100100111111100000110010100110101101110010111111110101011000111000010010011111110000011001010
10000000010100010011001010101110001010110001000100111010001101111011000000001010001001100101010111000101011000100010011101000110111101
00001111110111000100100101111011010111010001010010011011101001011010000111111011100010010010111101101011101000101001001101110100101101
10000010001111111000110010000000101100001001111110111000100110011011000001000111111100011001000000010110000100111111011100010011001101
01010011000000100111000111000101110010010111011100011000001101101010101001100000010011100011100010111001001011101110001100000110110101
00110111111100001011110000111000011101111111011111010001010100011100011011111110000101111000011100001110111111101111101000101010001110
01001101000011110010010100011101101111101001001100101011101100101010100110100001111001001010001110110111110100100110010101110110010101
11000000010101010110001011011100111001001000000011010010000111000110000000000000000000000000000000000000000000000000000000000000000000
00100011111011111100000001100001001011010111010110010011010001011110000000000000000000000000000000000000000000000000000000000000000000
10101110000001011101011010001110001111010001000001000100000000111000000000000000000000000000000000000000000000000000000000000000000000
00101110010001101000110000000001010000111010100010111100011110110100000000000000000000000000000000000000000000000000000000000000000000
01111010011100010101011011000001011001010011011111001001000000111110000000000000000000000000000000000000000000000000000000000000000000
01000001011011001010111010010001001100101101101101110000101100111010000000000000000000000000000000000000000000000000000000000000000000
00111011001011010100000011000110011110000110010111110000011100011000000000000000000000000000000000000000000000000000000000000000000000
01000101001000110110110110110110101001101000111000101110000111100100000000000000000000000000000000000000000000000000000000000000000000
00100100000100110110010001100101000111010101010001010101000001011110000000000000000000000000000000000000000000000000000000000000000000
01011000101000001110101001100001001010010010100100101010010100110000000000000000000000000000000000000000000000000000000000000000000000
10101111001101100000111111001101001011000010100010001001000001101010000000000000000000000000000000000000000000000000000000000000000000
00100000100101101001000001101010010001101101011001001001001110001010000000000000000000000000000000000000000000000000000000000000000000
11011110111000011011010000111110001001001111110000111011000010101010000000000000000000000000000000000000000000000000000000000000000000
10100001000011110111011010001000111111011011111001010100111011100000000000000000000000000000000000000000000000000000000000000000000000
10001011001100010111000100101101010011101110110010010000111010110010000000000000000000000000000000000000000000000000000000000000000000
11110101011100101110001011110000101111110110000101011011011100010110000000000000000000000000000000000000000000000000000000000000000000
01010001011101101000001011100000000111111010010001100100001010110010000000000000000000000000000000000000000000000000000000000000000000
01100010111010111001111111101010000000000101101101000011000101000110000000000000000000000000000000000000000000000000000000000000000000
01110100010100101010101011000010111110111011110101000100110011100110000000000000000000000000000000000000000000000000000000000000000000
10100000001000000111110110011011101010101100101010010010001011110110000000000000000000000000000000000000000000000000000000000000000000
11001001101111110101110011000100000000110001110010101001001011100010000000000000000000000000000000000000000000000000000000000000000000
11010100110011101000010110111010000101101011011100110011011100110100000000000000000000000000000000000000000000000000000000000000000000
11011001100011100100001001100001000101011010011010111111010000010100000000000000000000000000000000000000000000000000000000000000000000
00101001111000110001111011100011101111000001001011000111010010010010000000000000000000000000000000000000000000000000000000000000000000
01000011000001001101111000000001101111000101101011110010000010010100000000000000000000000000000000000000000000000000000000000000000000
01010100100010010000100101111110000100000100100001101010000110010100000000000000000000000000000000000000000000000000000000000000000000
00101110011000111000010000000111110011011001000100010011110111110110000000000000000000000000000000000000000000000000000000000000000000
11010111000010011011111110000000011011111010001000100100000110110010000000000000000000000000000000000000000000000000000000000000000000
01001101010100110101111011001101011001010100111010000101011010010010000000000000000000000000000000000000000000000000000000000000000000
11110111001111110010100011101111011001000101010111110000100001111110000000000000000000000000000000000000000000000000000000000000000000
00111111001010010101110011011101001100110101100011001010101011010000000000000000000000000000000000000000000000000000000000000000000000
00001011101110010000110010000101001011101000011100001111100000011100000000000000000000000000000000000000000000000000000000000000000000
10010000001010101011101011011111011010111001010001000010000000001010000000000000000000000000000000000000000000000000000000000000000000
01101100010010011111111000010101100001100100001110101110100110000110000000000000000000000000000000000000000000000000000000000000000000
01011001101101110111101110001100100011111011100101101001100110100110000000000000000000000000000000000000000000000000000000000000000000
00111111001001101001111001101111010111110010111000110001010111101010000000000000000000000000000000000000000000000000000000000000000000
11000110100111010001011101010010110010011000111111100010000000001000000000000000000000000000000000000000000000000000000000000000000000
00000001011100111111001110001110100000011001000000010001110001100000000000000000000000000000000000000000000000000000000000000000000000
10100111001001001000101100100100100001010100111101101111101111011000000000000000000000000000000000000000000000000000000000000000000000
01111101000100000101111000100000110100100111110111100110100101111000000000000000000000000000000000000000000000000000000000000000000000
10001110101000011000101010001010111011101100000001011000000100001100000000000000000000000000000000000000000000000000000000000000000000
10001100000111011010111100011111000000001110101100101010111111110110000000000000000000000000000000000000000000000000000000000000000000
10010111110011011101110011000100111000110000101111001101000000010010000000000000000000000000000000000000000000000000000000000000000000
00101110011111000001110100011011011001011101101000001100100111011000000000000000000000000000000000000000000000000000000000000000000000
11010100101000110101101010001110101110101111111001010010000110001110000000000000000000000000000000000000000000000000000000000000000000
00000101101010011001111011001010011001010011010100100110000011010100000000000000000000000000000000000000000000000000000000000000000000
00001000101110010100000001101111101110000110101000000101110100000000000000000000000000000000000000000000000000000000000000000000000000
10101001101000011001011110011110000101001011010101101000001001110000000000000000000000000000000000000000000000000000000000000000000000
10100010101010111110111011010001101110101001111100111110010100101000000000000000000000000000000000000000000000000000000000000000000000
10110111100100101100101111100100010100110100111111101011111101010000000000000000000000000000000000000000000000000000000000000000000000
10011111000000011111000000110011000001100001010011100110111101110000000000000000000000000000000000000000000000000000000000000000000000
00000011101101010101000110011111001111011100111100101011001100010000000000000000000000000000000000000000000000000000000000000000000000
01110011010000011110001111100111111011111010100010010100111110010100000000000000000000000000000000000000000000000000000000000000000000
11111110101100111111100000001001110101010001011010100111000101101100000000000000000000000000000000000000000000000000000000000000000000
10110000110001101111000111110001000000111111001110001110101010111000000000000000000000000000000000000000000000000000000000000000000000
00001101110110110011011011111010000011110011011000010001110111010000000000000000000000000000000000000000000000000000000000000000000000
10110000111110011110110000110000000111001100001010010111010000111100000000000000000000000000000000000000000000000000000000000000000000
00000111100111111110110101001101000101111111100100001111100110101110000000000000000000000000000000000000000000000000000000000000000000
11010111011001010101010110111111101011110110001110001100011010000010000000000000000000000000000000000000000000000000000000000000000000
00010011101010101001110100101110000000111110100010100000010001101100000000000000000000000000000000000000000000000000000000000000000000
01111100100101001111011111101101000100101010100011010101111111101110000000000000000000000000000000000000000000000000000000000000000000
00111011000101000000011100001110100010000010100000010011010101011010000000000000000000000000000000000000000000000000000000000000000000
01001011011010000000011010001100000001010100000101110101001010011000000000000000000000000000000000000000000000000000000000000000000000
00011111100001110001000011110000110000111000001101001011011001111110000000000000000000000000000000000000000000000000000000000000000000
01001001110011101110001010001010101010110110011001111111100010110000000000000000000000000000000000000000000000000000000000000000000000
10101100100101101000100011001101001001100111010111010110000000011000000000000000000000000000000000000000000000000000000000000000000000
10001000001000111011110100111010100100000010101101000001101010111110000000000000000000000000000000000000000000000000000000000000000000
01110101001000111101000001011110100101000111000001100001010001101100000000000000000000000000000000000000000000000000000000000000000000
10101111001110111001101010000110100101111000100010111111001110001010000000000000000000000000000000000000000000000000000000000000000000
10111010000100110111100111000011100110100111110011110010011011011100000000000000000000000000000000000000000000000000000000000000000000
00001011110010011100010000010010010011001111101100101000001001110100000000000000000000000000000000000000000000000000000000000000000000
01101000101100010101000010110011100111100000110001110111111000110100000000000000000000000000000000000000000000000000000000000000000000
01001010000001111110111110101101011010100100111011110111001111101100000000000000000000000000000000000000000000000000000000000000000000
01101110001001001010011011111010111010010111111100001100100010110110000000000000000000000000000000000000000000000000000000000000000000
10001110001010011011010110111111011100101111011011101010011011000010000000000000000000000000000000000000000000000000000000000000000000
11111010111101011110000010111100011101010001101010000010000000111010000000000000000000000000000000000000000000000000000000000000000000
01110000001001011101011110100111010001011001010001111100001101101100000000000000000000000000000000000000000000000000000000000000000000
00101101110010010110111111001000101100010010100110000101111100101010000000000000000000000000000000000000000000000000000000000000000000
10001110001010001001101110110000111110000100011101010100100101111110000000000000000000000000000000000000000000000000000000000000000000
11101110111000010101000000110100110100001010001100110001111101001000000000000000000000000000000000000000000000000000000000000000000000
11011100100011110000101000010000101111110111001010111001101001001010000000000000000000000000000000000000000000000000000000000000000000
10010010101001011110100001101111100110110010001001110110110110100010000000000000000000000000000000000000000000000000000000000000000000
00001110001101100101100000110001011101011100011111001111100001110100000000000000000000000000000000000000000000000000000000000000000000
00000000000000000000000000000000000000000000000000000000000000000000000000000000000000000000000000000000000000000000000000000000000000
00000000000000000000000000000000000000000000000000000000000000000000000000000000000000000000000000000000000000000000000000000000000000
00000000000000000000000000000000000000000000000000000000000000000000000000000000000000000000000000000000000000000000000000000000000000
00000000000000000000000000000000000000000000000000000000000000000000000000000000000000000000000000000000000000000000000000000000000000
00000000000000000000000000000000000000000000000000000000000000000000000000000000000000000000000000000000000000000000000000000000000000
00000000000000000000000000000000000000000000000000000000000000000000000000000000000000000000000000000000000000000000000000000000000000
00000000000000000000000000000000000000000000000000000000000000000000000000000000000000000000000000000000000000000000000000000000000000
00000000000000000000000000000000000000000000000000000000000000000000000000000000000000000000000000000000000000000000000000000000000000
00000000000000000000000000000000000000000000000000000000000000000000000000000000000000000000000000000000000000000000000000000000000000
00000000000000000000000000000000000000000000000000000000000000000000000000000000000000000000000000000000000000000000000000000000000000
00000000000000000000000000000000000000000000000000000000000000000000000000000000000000000000000000000000000000000000000000000000000000
00000000000000000000000000000000000000000000000000000000000000000000000000000000000000000000000000000000000000000000000000000000000000
00000000000000000000000000000000000000000000000000000000000000000000000000000000000000000000000000000000000000000000000000000000000000
00000000000000000000000000000000000000000000000000000000000000000000000000000000000000000000000000000000000000000000000000000000000000
00000000000000000000000000000000000000000000000000000000000000000000000000000000000000000000000000000000000000000000000000000000000000
00000000000000000000000000000000000000000000000000000000000000000000000000000000000000000000000000000000000000000000000000000000000000
00000000000000000000000000000000000000000000000000000000000000000000000000000000000000000000000000000000000000000000000000000000000000
00000000000000000000000000000000000000000000000000000000000000000000000000000000000000000000000000000000000000000000000000000000000000
00000000000000000000000000000000000000000000000000000000000000000000000000000000000000000000000000000000000000000000000000000000000000
00000000000000000000000000000000000000000000000000000000000000000000000000000000000000000000000000000000000000000000000000000000000000
00000000000000000000000000000000000000000000000000000000000000000000000000000000000000000000000000000000000000000000000000000000000000
00000000000000000000000000000000000000000000000000000000000000000000000000000000000000000000000000000000000000000000000000000000000000
00000000000000000000000000000000000000000000000000000000000000000000000000000000000000000000000000000000000000000000000000000000000000
00000000000000000000000000000000000000000000000000000000000000000000000000000000000000000000000000000000000000000000000000000000000000
00000000000000000000000000000000000000000000000000000000000000000000000000000000000000000000000000000000000000000000000000000000000000
00000000000000000000000000000000000000000000000000000000000000000000000000000000000000000000000000000000000000000000000000000000000000
00000000000000000000000000000000000000000000000000000000000000000000000000000000000000000000000000000000000000000000000000000000000000
00000000000000000000000000000000000000000000000000000000000000000000000000000000000000000000000000000000000000000000000000000000000000
00000000000000000000000000000000000000000000000000000000000000000000000000000000000000000000000000000000000000000000000000000000000000
00000000000000000000000000000000000000000000000000000000000000000000000000000000000000000000000000000000000000000000000000000000000000
00000000000000000000000000000000000000000000000000000000000000000000000000000000000000000000000000000000000000000000000000000000000000
00000000000000000000000000000000000000000000000000000000000000000000000000000000000000000000000000000000000000000000000000000000000000
00000000000000000000000000000000000000000000000000000000000000000000000000000000000000000000000000000000000000000000000000000000000000
00000000000000000000000000000000000000000000000000000000000000000000000000000000000000000000000000000000000000000000000000000000000000
00000000000000000000000000000000000000000000000000000000000000000000000000000000000000000000000000000000000000000000000000000000000000
00000000000000000000000000000000000000000000000000000000000000000000000000000000000000000000000000000000000000000000000000000000000000
00000000000000000000000000000000000000000000000000000000000000000000000000000000000000000000000000000000000000000000000000000000000000
