0111101100001000011011111101110011000000110000001000111000000110011010001100110010111001001000000001101110010000110110111101101010011011110101000001110011001001101000001111110101110101111110110111101010001111110111010110000101000110011100100100011110011110111101011110111010010011111111000110100100001110010111110001100001011000010000111110100010110010101101100111000000011001111011000000010000001110010000101100001
1011001000001000101100110101101000011110000101000101000010100110100011101000000110111001011101101100111111101111111100001011111000110011010010011110100101001101100011001111101000101100101011011001110000000110011110110000000100000011100100001011000010111101011011110001110100110010101100010101010010001011000010111000100000111000101100000001110101100101010110111001101000100110100110011000000100010111100010111101110
0100011011100011101100101111101100111000000100101001001010111000010110000111110000100000010101101101010001111111001010110110010010101000100111011111010110000100001011010001110011010111100111010000101001101001111011000010101010100100100000110000011111011000010111110000100001010001101000101001100010001010001001001001000101010000011011110100111010110000000110100001001001100000011011000010000111101101011011111101100
0011110000111101100010001001111001011010101110111000010010101111010010000000110101001000100010101010001000100000010011000110011011111010110010101111111010001011101010110010111011011001111111011111111000010111110001100110100100111101001010011011000111100101110110110011111110111111110000101111100011001101001001111010010100110110001110001101010101011100110110000100101111011110001100001000111101110001001000010000010
0011110111101011110111010010011111111000110100100001110010111110001100001011000010000000001110101100101010110111001101000100110100110011000000100010111100010111101110001111011110101111011101001001111111100011010010000111001011111000110000101100001001011000101101000010001010001101011100111010110001000110001011000010110100001110100001111000011010001001100110011100001110011000110001010010111110001011110001010000000
1000111000110101001110111100010001000100101011111101010000001001110001101000110011100000011011000001111011001000000111110010100110011011100111111101101010010011100101101100111101111011100110111000111011110001111101110010001011011111110110001111000111000111111100011011011100111110111100110110001100100110000011000101111100011000100110110001011010000100010100011010111001110101100010001100010110000101101000011101000
0100010001010101000100010000001001100011001101111101011001010111111101000101110101001000101100000110100010010111011110000010101111001001110010001101000110011100000100111101010011110101010100000110001000010001101111010110100000111110101110010000000100000001010110110101000111111100101011011001001010100010011101111101011000010000101111001001000000001101110010000110110111101101010011011110101000001110011001001101000
0100011011100011101100101111101100111000000100101001001010111000010110000111110000110001101010101011100110110000100101111011110001100001000111101110001001000010000010011110011011111011001100001001011001101111100101110010101110100111000100111011011101111010100111101010101000001100010000100011011110101101000001111101011100100000001011001000110101101000100100111111011111001011110101000110101100011001111011110000110
1011000010111110000100001010001101000101001100010001010001001001001000101010000011011110100111010110000000110100001001001100000011011000010000111101101011011111101100010001000101010100010001000000100110001100110111110101100101011111110100010111010101100100011010110100010010011111101111100101111010100011010110001100111101111000011000000001110101100101010110111001101000100110100110011000000100010111100010111101110
0111100110111110110011000010010110011011111001011100101011101001110001001110110111010001101010101011100110110000100101111011110001100001000111101110001001000010000010110010001101011010001001001111110111110010111101010001101011000110011110111100001101111011001011101101000100101100001111101001000111000011011110001011110101101110011101111000011010001001100110011100001110011000110001010010111110001011110001010000000
1011000101101000010001010001101011100111010110001000110001011000010110100001110100011110111100010111111011111100001110111110100101000011110111000000000001001100001001101100010110100001000101000110101110011101011000100011000101100001011010000111010001011000010111110000100001010001101000101001100010001010001001001001000101010000011010001101010101011100110110000100101111011110001100001000111101110001001000010000010
0100011100110101111001110100001010011010011110110000101010101001001000001100000111101111011000010000110111111011100110000001100000010001110000001100110100011001100101000000011101011001010101101110011010001001101001100110000001000101111000101111011100111100001101000100110011001110000111001100011000101001011111000101111000101000000010110010000010001011001101011010000111100001010001010000101001101000111010000001101
0011110000111101100010001001111001011010101110111000010010101111010010000000110101000111111010111010111111011011110101000111111011101011000010100011001110010010001111010001000101010100010001000000100110001100110111110101100101011111110100010111010100011110111101011110111010010011111111000110100100001110010111110001100001011000010011110110010111011010001001011000011111010010001110000110111100010111101011011100111
1000111111100011011011100111110111100110110001100100110000011000101111100011000100110001111111000110110111001111101111001101100011001001100000110001011111000110001001111101111000101111110111111000011101111101001010000111101110000000000010011000010011000111111100011011011100111110111100110110001100100110000011000101111100011000100100000000000000000000000000000000000000000000000000000000000000000000000000000000000
1000110101010101110011011000010010111101111000110000100011110111000100100001000001000111101111010111101110100100111111110001101001000011100101111100011000010110000100110010111011011001111111011111111000010111110001100110100100111101001010011011000110100010110000011010001001011101111000001010111100100111001000110100011001110000010011001011101101100111111101111111100001011111000110011010010011110100101001101100011
1111010100111101010101000001100010000100011011110101101000001111101011100100000001011001011101101100111111101111111100001011111000110011010010011110100101001101100011010001011000001101000100101110111100000101011110010011100100011010001100111000001001111011001011101101000100101100001111101001000111000011011110001011110101101110011110110011110111101110011011100011101111000111110111001000101101111111011000111100011
0011111101011101011111101101111010100011111101110101100001010001100111001001000111100111110100010110010101101100111000000011001111011000000010000001110010000101100001001111000011110110001000100111100101101010111011100001001010111101001000000011010100000001101100000111101100100000011111001010011001101110011111110110101001001110010101000111001101011110011101000010100110100111101100001010101010010010000011000001111
1100101001100000001010101100011000100111100110000000001001011110001100101101000110100000001110101100101010110111001101000100110100110011000000100010111100010111101110001111110101110101111110110111101010001111110111010110000101000110011100100100011110100011100110101111001110100001010011010011110110000101010101001001000001100000111111001011101101100111111101111111100001011111000110011010010011110100101001101100011
0100010001010101000100010000001001100011001101111101011001010111111101000101110101010001111111000110110111001111101111001101100011001001100000110001011111000110001001110010111011011001111111011111111000010111110001100110100100111101001010011011000111011000010111110000100001010001101000101001100010001010001001001001000101010000011000000000000000000000000000000000000000000000000000000000000000000000000000000000000
0111100001101000100110011001110000111001100011000101001011111000101111000101000000010110010000010001011001101011010000111100001010001010000101001101000111010000001101011110000110100010011001100111000011100110001100010100101111100010111100010100000000000001010110110101000111111100101011011001001010100010011101111101011000010000101100000011011000001111011001000000111110010100110011011100111111101101010010011100101
1111010011101011000000011010000100100110000001101100001000011110110101101111110110000000000000000000000000000000000000000000000000000000000000000000000000000000000000011110110000100001101111110111001100000011000000100011100000011001101000110011001011011001111011110111001101110001110111100011111011100100010110111111101100011110001100000010101101101010001111111001010110110010010101000100111011111010110000100001011
1111011001011101101000100101100001111101001000111000011011110001011110101101110011110110010000010001011001101011010000111100001010001010000101001101000111010000001101010001101110001110110010111110110011100000010010100100101011100001011000011111000011111010100111101010101000001100010000100011011110101101000001111101011100100000001001111010110111100011101001100101011000101010100100010110000101110001000001110001011
1100101001100000001010101100011000100111100110000000001001011110001100101101000110101000101100000110100010010111011110000010101111001001110010001101000110011100000100001111011110101111011101001001111111100011010010000111001011111000110000101100001001111011110001011111101111110000111011111010010100001111011100000000000100110000100101000110111000111011001011111011001110000001001010010010101110000101100001111100001
1011001000001000101100110101101000011110000101000101000010100110100011101000000110100111110100010110010101101100111000000011001111011000000010000001110010000101100001001111011110101111011101001001111111100011010010000111001011111000110000101100001001011000101101000010001010001101011100111010110001000110001011000010110100001110100000000010101101101010001111111001010110110010010101000100111011111010110000100001011
0111101100001000011011111101110011000000110000001000111000000110011010001100110010111001000110101101000100100111111011111001011110101000110101100011001111011110000110111101111000101111110111111000011101111101001010000111101110000000000010011000010011011000010111110000100001010001101000101001100010001010001001001001000101010000011001111010110111100011101001100101011000101010100100010110000101110001000001110001011
1100101110110110011111110111111110000101111100011001101001001111010010100110110001111001011101101100111111101111111100001011111000110011010010011110100101001101100011010001011000001101000100101110111100000101011110010011100100011010001100111000001000000001010110110101000111111100101011011001001010100010011101111101011000010000101111110111100010111111011111100001110111110100101000011110111000000000001001100001001
0100011011100011101100101111101100111000000100101001001010111000010110000111110000101000101100000110100010010111011110000010101111001001110010001101000110011100000100110010100110000000101010110001100010011110011000000000100101111000110010110100011011111010011101011000000011010000100100110000001101100001000011110110101101111110110001000111001101011110011101000010100110100111101100001010101010010010000011000001111
0100011100110101111001110100001010011010011110110000101010101001001000001100000111100000011011000001111011001000000111110010100110011011100111111101101010010011100101100011001000001110011000001111010001111110001010100100001110011001101010101011011001000111000110101001110111100010001000100101011111101010000001001110001101000110011110110011110111101110011011100011101111000111110111001000101101111111011000111100011
1000110010000011100110000011110100011111100010101001000011100110011010101010110110011001011101101100111111101111111100001011111000110011010010011110100101001101100011111101100101110110100010010110000111110100100011100001101111000101111010110111001111100101110110110011111110111111110000101111100011001101001001111010010100110110001101111001101111101100110000100101100110111110010111001010111010011100010011101101110
1011000101101000010001010001101011100111010110001000110001011000010110100001110100000111111010111010111111011011110101000111111011101011000010100011001110010010001111100011111110001101101110011111011110011011000110010011000001100010111110001100010011011001000001000101100110101101000011110000101000101000010100110100011101000000110100000000000000000000000000000000000000000000000000000000000000000000000000000000000