0010101000011010111011000100101011110100101000000111010001111001000100111101110001111010010010101001111001000000000110010000110011100011110111000101111110111001011011001101000111001010001011011110001000010111000010101110010100101000111011011111000100111000010011101111010101100010100010111000100011110000001110100011110001101100000110111001110010110000101100001100010001111111101100110010100111100110010001011010100
1010011010110010010100011100101100000001011101101101000100000101010010111001001100100111111100011000100110100100000001111001100001010101111010011001010111001110100111110110100101110101101100001000011110011001010010010110000111010011110111000101110001110001010100000011111111011100001110011111100100001000111100110010011001101111010000001101011011101110101101010011101000011001101011000100000011010011111110001011101
0100111101010100001110111101100110011101110110111001101000101000100100111110011011111111110110011111110011111110011010110110011001100011011011100001010000101011001011001000110000011001110100101001011100001010011010100000101011111011011000000110111001111000000100010011111110101011000100101010110000110110011111011110000110010110110000000110000110110000111001100011000100101000011100011011101010000110100001100111111
0111101111101001000001100001101000001010100100101000011110100010010010100011100010101111000001010011110100110011001101001011000000110000010010011000111010001101100000001111110011110001000011100101010000111111101011010110011000001010111000101000110011011001011101010101011111001100110010011100000100101110110001100000101011101101100101101100010101001111010110000110100101111111100101010011111100111011000110011110001
1101100111111000111110011111010111110101110101111111110000011000110011010011001110010010100001011101000101111110110001001011001101101110100110001010100111110001001110000000011101100110110001011000000001110110100001100010001110110111101111000001010100010100111110011100000001000101101001101001011000011101000101101000100001011111000100101010100001110010011111110110010010000011110001011111111110101011111000110000110
1000001011010111100001110100110110110100001100010100011110100011001011110110010000010100000110000001000101100100010000101000111001111111100000110111011100110000011100001110110011111111101001001000110100001110000000101111001100100010111101110011000100000111100000100100111110000101111100111111100100010010001011111101100010101001100011011100001000111110100000111110010100100011111011001001110110000110111000010000000
0010011110101010011011110111101110110110101101111001011011001000100001100101111011000101000001010111101100000010110010000011010100101100110100110001100010000101111101111110001101111100000011100101110000010100010110101100000111011110101011111001001000000111111100000001011001100010000000000001110000000101100001010100101010001101100001100010011011000011101001100001000100101111010000011110101111001010101011111011100
0011001111100111111001100111101101111000100110101101011000000101110001110010101000011001101101101101101010001101100111111100011011011111101111011111100101010110101111001000101010111111110011001001010001001011011111000100100110110011100111010100000101111000000000101101100100111101010101101001001100001000010000100010111101101110010100000001000111111101001000110010010110101100000101000001100100110101011011111010001
0011100101111011111100101010110011000100001011001010100101011001100010011011101000110011000110110011111100011001001111010000000001111100000011111101111111001001100100101001000110110000001000101001010000111011101010010011000110100011100001111111111110101010010010100110110011001010110001010110101110011000101011101001001000011111101110010011101100111101000001100110010010101001100110000101011000010110011110101110010
0010011100011011010001010101000000100010100011101100010101011101100110110011100110100000000010000100110001110011011111001111100110110111101011011001110001111001101000000001110101101011010011011101001010101001100110110111100010011001010000100000011010010000000110001011000000010100111011111111111111111110110000101111110100101111100011000000111110100001111100100100111011000101101010100100000111111100101001100011110
0000101110001001011110100110100000110000001010100100000101111100011011001100101101010110110001001011011011110000100110110111111101000111011001111110010110111101001101011110010001000100011101111010110110001011000011111111010011011110011110100111101001101001000110110100100011000011001001101000010010111111111011101001001001100110101100100011110011101000001110001000101011000010010100110010001000111010011000000010011
1110000101001010000101001111100101010000010101000111111101100000011000001000011101101100111100110101101110010001110011110000111101010100001110011000111011100000110110101001011111011100010111000011101000100101011110000111100100010001001010010100111111010000000001000010111010111000110010010110111110111110010011000010010010111011101100110110110101000001111101001011000010010000000101111001100100010010100110110101001
1010111111010110100010010001001100111000011001010001100010110110011100001001011110010100000111011011101110110111101101011101101011110011011000000101011101011101010101000010010101110001010101101100011011110100010110010010101110110111111000000001100000000101000110011100010001001001001110100110101000000000010000011010100011010000111001101111110011000011000000011111000001001101000101101001101101101110011100110010100
1101011100001000110101111110111010100111101011000111110110110110001100001101101001000110011110110100000101010100001111100111000101110110101001010011001000011000001000101010010011010100000011110100110111001100001100101001010001000011001111111110110001111000011000001101111001101011111101111100110000111101110110011001101000010000111000011110001111100000101011100101000110111001100010011011111111011010000101101101101
1111011010010000101100000111101111011000111001001111101111001010101010111010100110000110110100110101010000111000010101100100011011011001010000101000100010111011111100011110000011101101000010101100010100011001011100111101011101001110001101100100110111010001101111001111110010100110101001110111110010010100110011101101010001011010011000100011000100001010001000010110010011000111001000001101000101000010111101010000000
1001010010101011101100010100000001001100110011011101111111000101100110111001001011111011101011110101111101011011010011011001001000100110000001100011001111001100011100111010010101011111111000111110001101001101101011100010001111011011111011010100011001111100010000000010101000011010110001010101000010001111110010110100011011110011011111100100101011001110101011011010011011100000001110001100011111111011010110011010110
1111000011000101100000011111010011111001001100100110001011011000010101100011010101000000100010100000010101010001101110001101011101010110101000111000110111000110000010111111101001110101110010000110100100110010011000100101110101110110000100110101110001110010111000001011110111001111111011111110101011111110101010000011100100111000101100011010001001000000011111101100100001101010111110001010111101101010000100011111101
0000010011011000011110101000001001111101001000110001001011011100000110010001001010101110111000010011100010010111000001011100111001010100010011010100100101100011111101111110111001101000000110100110101011111110110000010001111110101010100011011010111100110010110000101010010010011110111100101110010011011100111110000011010101101101000010001111000111000100011111011101110011010110110100110110010100111001001001011011101
1111000011001111101100011110010011011000010111100101101010010000111011110010111010110111101000011011011010111100101010001110100001110110011001111011101010111001111111100110000000000110110100011101101010010011000111010011111010011000000000101010000101010101010100011001110001011110111101010111011010011000011101001110000110000100000111111101011000100110111101100101000111100000111011110011011100111100001101010110001
0111000110111010000110010111011111110000110111111010110111001001011010011010000000010010010101100101110010000101001101110111001110010000101011110010111111111010110101000110110011011000010101001100010011100001001100010001011010111110111111100111011110010100010101011000101100111011101001101000111000111011001111101100011010000000000001110101001011100000001111100101110011111010111011111111100001110010000101111000111
0110111011100011010001101101011101001010111101001011000101100111001100001100101100100011011001010000000000111010011101101001101000011011110011110001100001111010110101111111100010110100110001011100010110011100010111111110000100111010001110111100010110000111100111110100101000000110110100011011101010010100110000011111000100011100010001100101100101001101011110010100111100111100001100000010111101001010101010110100101
0000010110110111011010011010100111001000001001110000111101011110101011011111000000111010100010101000001010011100001110110011111010100010111111001110011100101100000100100000000100000010111111000110100000011001101100101110000100110011010000011100001101101111000011101000111101000110010010001111111001010100001100110110101000000111010110110110110101001111010011101001111110100110010111110010001000011011100010010001010
0100001100100010111010110111011100000100010001100010001001000100101111101011101100000011000100110101011111100001101011111100000101011101101110111000100000010010001000110011110100011011101101000100111101101111010110011100011100101011010101010101011000010110000101111100111111100010100010100001000011101010100011011001110100111000110000110111110101111101110000110011111011101100110101100101010010110001101010000000000
0010000011110000100101010100100100010100010101011101011000010111011001110110101110101111111010111001010101011010100000110000101111110001110100010011101000101110101000000001101001110100101110110001110101110101010110111111011111110001100101000100000100101010101011110100110110001101101110001100011101000110110101010010001101001111111101000100110101101111101001001001100010100100011100000111011001010000010110111011001
1000101100000111011001111111110000011101001011001111001001111000000101011101110010111110100000100001100000010101111000101111010110011111111001110110100011011011111101000001110101110001011001101110011101100011011001000101110011011011001100001110100111000111000101010001110101000000101000000001000110111001100101000100011000100011011111100100110101100001100001111100101011110101111100010011101110001101100100001001100
0100001000111110010100111111101101000100101011000111011011011100010101000110000110001111110110000101011001010110111001000000110101101110000100111111110000010100100000011110010110010110111101000011110011010111001001111111111001001011001100010011000101110001001000100000000100110010111000100000100110000001111111001001000001100111011001011010000010110000110001100000110001111100010111111001001010111001101110000110010
0001011111000100010001001110000101100000001011100001010111000001011110010000010010101101010001011110010110111110110000010001010111100110100100101110001100001100100010011100101010111010101110110111111001001101000011001001000001111001000110110011101000000111100010011001000001100010110011100110000110000101110001010011111000101111010101011011011001110001111111101000010010000111111110101101111101110101011011101000110
0011001011111001001100101011111111111010010001010100011001001011010001011000010110100111100000100011011010111111011101001101001110010001000110011101010011101001000101000011101101010011110000110110000110110111000010010010101110001100010010111110100010000011010000110110100101001001000111110111010101001011001001011111010000011101110100101010100100011111111001101111101010000000111010110101100001011101010010101100100
1001001000011111001001111000001111010000010110100001111111111011101000000010100111011100001110100011001111000010000000001101100111001000111110001001000101111011000100001010001110101100100011001010100000101011111011101001101000101010001001100011010110111010110110100010100111010101000101010010001111100000011011101111000100110101010010110110001111110000100110011100100000010101101010000110001101010100001011101010011
0001111001101110000001101001010001000000111100110100110001111101011010100000000110111111011101110100010010011101101110011000110100000010101010111011101000001111110110010011100101110101000110111110011111110111011110110000110101100100100111010001110110010101001101001011101010111110001010011101000110111111001100011110011011100111110000000000000000000000000000000000000000000000000000000000000000000000000000000000000