11000100001010110011001010010100100100100100000110001000000011110010000010000100111110101110111001100110100011100001101110110110100000001010001011111110101001000000100011110011011100111110011111000011000110001011010111110000001011010011110011111001111100110100110100110011110011100000111100111101000001110010101110001000110111000101000
10011111000100010011110111010101101100011100010010100000100011111101001111000011101001000011000110100100010000011000101001001000111110100011111111001100100101010010000010110001110001000100011010101001110001110111111110001001011111101111111101000101111011111100001101000010001010001011101111100111001101010100010001111011000111111110101
01001110011001111010101101000011101010101100101110100101110111001110000011000000101011000100001000011011011000100010101001000001010010110100011111001000001011000111111000011111010000011100000111101010001010001011101000101010101110111101000101001100001010110010111010100101011101100100110110111100110001010100000101010000101001010011111
00010011000011100011001011110100100001110001111010000000001100101111001111101000110010110101011100100101001011010101001100100101010110100111110101111111011011000101110100001101000111000010110100001001000100100001110001001111101011111111011000110111111100101000100101000001100010100110011001100101110010111011001001111011111001110001100
00100010001011011111101010100000011000000010100001101101001100000010100111100001000011000101110101100010011110101000111001110101000011011011101110100010000101000101111100001011101010100001000110001101100011101111011000010010100111101010000101010110011000110101000010001001001000101111000010011000011100101111010011001010111000111100010
10011000001110110110010000000011000100100000010110011000101100111110011100100000000010100001011010010110011000000000101011111100110111011110101001101011011000011011000101000111111000110001101010001111010110110010001000110100100011101000100000001110010101011101000101101100000011101000111101110100010000111100010011101011001010011101100
01000010111111001010111100001000110011111001111010100101101100010001000001011111011000011010001000000101001100100100010110001000010011001100000001001111000011001001101011100100000100010101111101101010010000000100100010000100010100001111000111111010011110010001001110010111101000000000101101010010001101100101011000000100000100110111101
00111000010110100100110111001001100000010111000010010010100111010100011111101010100110001100010010111000110011110110101101000011000001010011000010101011011011101001000101001111001000010100010110011000110110100111001001001011100000011001010110100001001011001001000111111101101010100101100101001111101001010111010111001010010111001111000
11001100111101111101110011101011101010001111001001001011011010011111011001100011001111110101101100100010111011110100010000001001110001101100001100110100111101111000011011101100100101110010110100111010011100001111000011001100010010011011010101110001111001110011011001011110110110111110101000100110100110011010000101010100100110110101001
00101001100110001111101111110110100100010101111001101111110100110110101000000100010001101001100110100101111001100100100101111010110000010100001100100011001101001101010011010100101111011101111100111011100111011101101010111111011010101000110011011100000110101010001101011110011011000001000011000101100101010110011110011100011100000101111
10010100011100011001011101100010110111111000001011010110110010011111110100010001010110000001011000100111101100100001111000010010101100001001001110100001011110001110110111101001011110000110110001001111101010101101100111100011001000010111110100000011001010000111001101110111000010010010000101011101111001101010011100101100111110001110101
00101111110000110011011100011111111111001010110101110011000111110011001111100000011001100000111010010110011001011001110111011110010001110000111001010001001110011100011010000101010111101101100000000100001011101001000001000110110000010000110101000101011100011110011010101011000100101101110011100111011111001101110100101001011000001010101
10001101010111000101100111001011101000101111000110001100111110110111001000111010110010000111110010101000000111100001110001111110101000010110110001111101010101100100111110101100110110100001010001011100111001010011110100110110101111010100100100111111111110100110101110001001010000100011111101000001011101110000101110101111001001101010000
01111111111001110101001000111100010110100011011010101110001010110101011110101000000010101100101011111001000010011000001111010100111110101010100010111010111111010110010111111011011101000100100100001000111011101100001011011000000001101111001001111011010010000111100110000000000101010111100111111000001110100100100101101000101111000110111
01111011010110110010100111110111110100101101001001100011111010011000111111011101011000101010000110001000001010100101011010000101010011110010110110010111100000110010100101111100011000100010101001011000011000001111111000111000101111100011110100100000111111000010100000111100010101001001000000000010101101000110011111101011010100111000110
00101101001100111011100010011111110101110011010100000111101111011100011011100001000001101110011110011000100100111111101000011100011100011011010010101111100100100010001110000001101101011011010001001111000010010000011000110010000101001110111110111110001000110101010100110011001111100110000001001101111011011011010001110011110100001111001
00011100111100100100110100101101100000010111100100010010011001010010001000000110110010011001101010011111110001010010101101100000010000001111110111011011111000011110011101111010011011010110010101110110100000000000000000000000000000000000000000000000000000000000000000000000000000000000000000000000000000000000000000000000000000000000000