00101001011110011001101001100010000110100011010011101001101100000001100010000001001101010011110010010110110100011101101010100110011010100101101010101100101011100001101110001010001000110110110001001111010111111100011011000100010011010100101111001111001000000000101001011010011000010011111010000010001011011111111100111101100110100101110
00101010001010101111101100100000010101100000011110101111010111111001010100110010011100100110110011011110011101011111011111000111000101111000011111110000010000111111101010001111110111011011110100011011010000000111010100000100100000100111010011001101101010111100010001011100100011011010101100111110001011010110111000011111010001000001101
01011111110000011110000010010100101001011101101110011101010111101001000110001100110001010100111110011100110110101100000010001001101001000000000000000000000000000000000000000000000000000000000000000000010110010111011101110101001101100011001100100001111010011011010101011100011100000101111100011101100010010101100111111110000101101011101
11110101010111100010101111001110011101010110010100010111001111101100110000100010110000110011111101001001010011011000011100011001110011011000100100010101111000101110000000011001011111011111100010000111111100010101011110111000110111100111011111100010000101001101010010101110111001111100011010111011101010001111101010110000100011011011101
00000000000000000000000000000000000000000000000000000000000000000001010100001111100110100101110100000001101001111110111111010000011001011011000010101001000010011100101101010010010011110110010000011100001101100011101010111101100001100101110111011000110101011101100000110000111001101111001110101100101011010010110011001010011100100110111
10111111110100101011000111100100111110001011110000110010101000111100110000010100110011000010000101011011011110111101000101011000010100000011001101001100011010000001100110000001101111001000010111001011101011110001011101010000100011010010110110100101101011101111001010001101111100101011111010011001000001001100010000001100101011010110001
11010011111110001111001110010110001011000010111111101011101001001101000000101011010011100011111010001111000001010011110010110000100010110001011011100111010001000101000010011100111100011001110011111110111100001101000110010100110000000110011001101010100011101111100011010011111100111000101110001110000000010001001001110110010100101011011
11100001111111000001000011111110101000111111011101101111010001101100000001011100011000110011011001011011101100000011111010011100011011011101101011100001111010111101101011111111101111011101001110111010010101001100100111001001101100110111100111010111110111110001110001010001101101111101011110010000101010010101111011000110110101010010000
01100000111110010101100001110100101101001111110011111000011101011110011111010001000110000000001000010000000100101011101011100100111100010001001011110010011001100111100011000000110111111100000000110010000010100111111010000001001001110101110011011000000001010110011110110100101101100011110110111010010001110011010010011110010100100110100
10101010110000001111001000100100101111111001110011111000110101110011111100001100010011100000100011011101011100110101111011011110111101010100011111000111100011001000000001100000110101010010001100111100011000101101110011101000100010100001001110011110001100111001111111011010010101000000100010010110000010010011110000001001111101001010010
00000001111011110100000110001110111111101001000011000000101110111001001010001001000001100100011010000111111000010010010111111110000101110100100100100010001011011001101011110110011101010110011010100000111100001111111000001000011111110101000111111011101101111010001101100110001000011010010000011100011001101001011111010000110010010110100
01011100110011011011100010101000100001101100101010101001000001100110111101110000100001000010111111000100001000100001001010100100111111000011010011110001011011100010001001111011111111111000011100100101101101110100101100110001010111110011001100011000001011111010100110001111101101101110001010000111101011001000100010111100001010101111010
00011010100100100011100010000100011010110111110010101101111010011001000000100000101010010001000101000010111000010111001011100110011001101100101110111011101010011011000110011001000011110100110110101010101111001001110000000000110110010100100111011001100010011011100111111110001011110000010010001100001010000000111001100101101100011110001
00111110100010001100000000010000100000001001010111010111001001111000001010100010010010000111100000001000111001000001100101001110100111001010010010011010100011000111000111010100010110100110110000011101111110110010100100111001111110010010101100111010000100011011001100011111100001100010011100000100011011101011100110101111011011110111101
10110000000011011111001111011110101110111100001000100111100010011100011001001011011110110100001011011100000111110101111011001010101011011110111101101100011000000000000100111000110010111001111001000010010101010100111111100101101011010110100001011111010001010011000000101010100001111100110100101110100000001101001111110111111010000011001
01111010001101000101100110001110101100001010001000100111001010110001110000001001100011010000000111000110010010001011101110101001010001101111010110111010010001001010000100101000011111101101001111011111010100100101011111100100011101110011011010101000001011111111100011101110000000010011010100010111000001011101011001111010111111111101010
11110101010111100010101111001110011101010110010100010111001111101101111010011101110010100110011111011100100110101111010010100110010001011101101011100001111010111101101011111111101111011101001110111010000000000000000000000000000000000000000000000000000000000000000000000000000000000000000000000000000000000000000000000000000000000000000