1111001111011001111110111000010100001010100001111010011101101011000011111000100101110000010101101100010101111111011110111100001000000111010010010111010000010111000001010101100111100001101100001100111011000100010011111011101110110101111100011110011000000101011000110010111101000000111110001111001010011010001011001000110011110011100001011101101101110111010100000010000001000000011111000001010101011100000111101101000
1101100011010111000101101001011100110100110101110000000011000100010101110001101110010100011010110101011111111100100101000101011101011001010100000000110011100101111101000111101010010011010111001000010101101111011111100011101010101011011101010000001101001010100001101000011100011110011000101001000100001010111000001001111110100110010110010110001001101110001001100111100100010010110100011000010001011001111100011111000
0000000010110101011110010110100010101010011100010011000011110001001101000110000101110011110101100111000001111101101110110011111001001110001111100001000101010010010011111111111101110100100000010101101011101001010010101011000110010100010011010001000110100111010111100000111001011010100001101000100010010110101100100110001110000101000101111011101111101010111000000100100000100101100001001000001101110101111001100100000
1101110111010000110111110100001100010010000101101011010110010110111010100010000111110101111101101011110101010011000011000110010000001000010010010000111101100011001101100011001000000100110000101110011100011000000000000001001110110000100100111110000111000101110100000001100111000011010011101100100001011101010010000100011001000111011100100110001001111001100111000101100100000111100010100011011101010111000101001110000
1011010110110110001000110111011101010000100111001100000100101110110000100010000010111001100111010010011010110110011111100100101011101001111001110001110011011110111110010111110001001001010111011010000000111011100011001010001100011000001100001001011111000010010011110001010011110110111101010110001011101010110111011011000101110001011010011000000001111010110100100001101110001100011101111100101011101000000000001111001
0110101010110100000101000110001111110000000111001101000111000001110000111000001110110000000011110111111111111110101001001111010111111101111001000000101101110011001000111000001011000100110111110100101110110001010101101010000011010100001100111110011001100001010010101100111110111111101101111101001010001011011001010101001111101110011000101101101001110100010001100110101101111011101010001000000001101000001111010100101
1010011101100011101011011111100000111010110101110001010111101001011011101111011101110110111111011100001100011101010010100110101110100101100000000011101101010011000101110001100110011000010011100001111100011001101110101000000010111111101010001110101010111111001010001100110000001110011101111101100000101011011110101101100001000100001011000001001111111100111011100110000101100100100000100100100110011010101110111011000
0111000001101100101110001000000000100000110100101000010010001001001011011011101001100101100111000011100011010101110010110011101010111100100010010001000111101101101010111100001111110101101010011000001011110000110101111001001011000011100101111101000010101101111110010011111000101000001101001000100000111110110110010000010111010101010011110010110111101011001100000111010011000101001101010010010100110100110000011111111
0011000111000001111010111001110100110110010000000111001111001110111000001010010000100001101011100111011101100100111010010100110000110010110001001011010110101000100001001101111010111111011001000001011011100100100110010110001001101111100101011101111110111110010101111100001010001000000110011001011100110001010010100011110010000011101111000001111001011001010100100010110010000001100110010011110001011000001111110101101
0010110001011001101000110101010000011101000101000010100010101101010101110100100110110111110100110011011101010001111001010010100100100110000001101100110010100010100001101100000011101000010010010111000010000011100111110101010100101101100111001000000001000001101010001011011010111111011101111100111101100110101001010110011100001011111010111010010011011111110100100100111010100101011001100110111100101100110100101010010
1001111010110000110011011001111111100000001111011100110110001001110101111011111111010001001101111010100010100011001011000110011111011011011100001010110110101110011001111011110001011101011000000100011111010111110001111000100101100111010001001101010001110100111101001101100001111001100101110000010100100101100011001110011000110010110110110100010101111000101010001111101001000010101110101101011110111110010001111011010
1010100110110100100110001101100100110011100011100100110010101110011010001001001101010110111001111011101100111001001000110000100110000101110101001001000100101011001000100010111101001100010100011100111010011011101011110001011100001110010110010010000100101100110001111001110100110100101110100001110110111000101110100111100111000010011011000111100011001100001011100010110011101110101111011001010100100000011011110011011
0011101010011110001001110110011110010011101000110011111010101001111011111011101111011101011011010100000110101101100111111010001011111001101100101000111010001001111010011110111000111001001100100000011111101010100001010111000100101000101010100011110011011110101000100110001110011110000011011001100111011110100010010011000001100010110001010100001110010100000111000100001011100110100110001001110101000000101100001110101
1010101110101000111101111100111100011101111011101101011110011010011111000011001111010101000100010111101101101001001100011011101101011111101000111111010010000010000110001101010000001110111010101111010000111010010110011011100000111000010000011000101001101001110000011111111101100110001110110011000011101100100110100111011110101100000001100010110000010010110111101010000001110011101010101100100100010011100111001011101
1010100100001001110111010100111001010110111010111101011011101101001110000010110010101100110000101000010010001101000010111101101110100011110001100001000110110110000001011101010110010110111011110011100011000100111101111101011111101101110110110111110010111001011010011110011110001010011110110010110100100001001011111111010010011101101111000101011011000001000011100101000011010101110100100011100100011110010010110101101
1110011110110001011011001110000101001001101011011011100111010011100110100110001011001011011101100100010000010100110011100000111101100110011101101010011101110110101011011000000101101111110000011001100110101110000000010100111010110100111010101110010000011101101001010101101101111100011010001000011101000100011011011010110100110011011110000101010111001011101000101000111011011101101100000001001000101001100000011101001
0111010101101111110110110110011110100101011010001010000111110101000101000001011000001000011000001110101101010001011101000101110101001110100100100101110110010111011001100100101010001110101110101100000111111001101110111110100111000010001111110010010000011110110101100000101101111001000001110000110110100000111111001000001101111001101010011100101110111100110111110011000000010010010010011001111100001000100001010010011
0110111110001100111011101111101100101000001101010001110000001011100001011000101001001101110000100111110001101111111100010110100100001000011010110101010010001111110010000001000011111000011001100100000100010000011011100010011000010100110111000010011100010100011110100010011000110011101110001110010010011001110001110101111101111011001101001101101101110001001000100011100011110110001110001111111011000110110011101110001
1010101011110111110110001111110111111101110011101011001111110101101100001000101110010001110101101011111110000000111010011010101000101101010100111011111110001100000001000001110010001000101111101110000011011111001101010000000100111011100000101111110101011100011100000100111001001110001001001011011010101100000101000101110000010011101011001110011000111001000000010000101111100000100100101011101110011000101010011100000
0100000000111110011000111010100101000111010101000001111101001001111101000001001101010100111110100111011111100000100110000100010101011010001000001111001101000111011000111011010011000110110001010111110011101110111010000010111100111010001010110010000110000110010100100010000101011010000111011100010101100100101000010000110101010011010100011100111001011010110110111000111011110001000111100110000010110001100011010111011
0111010111011100011100000010010110111000100100011100000111000011100010000010100100111001010010101000010000000000100010110000100011100011101110100001010110111100010111010101110010010101011111100110001011100000110110101110100001110011100001101001100011100000101010001000101100110001001111011110011001011110011001101010010111110011101010101110110010010010000010011010000010101101011101100101001011110011000010110101110
0100100110110110101101010001001010111001110111110101111100110011101001011011100111100100110110001101010001110010100011001001011110101000001001110101100011111011110010110101000000100110100011001111100001000011000111011111000000011000111110011101001101100110101011111001011011111111010110101110000000000011011110010101000001001101110101001110000100100010110001110100001011111011011000010000011110100101001010000000000
0110010010110000110010110101011011010000011101001011010100001011100101011001111011000001011111001000001111100001101000111000010010111111010111100101000010001111101100110010100010100010110010010111000000011111110011111001100101010111110101101101101100101010111011000111110000011000100110101101110011111100100111110111111011111111011101011000001100110000011111000010010011110100000100110101010111001011110010101111011
1010000001111101111001011111100101011100001110101111110110001101011111110011010111000111101110110000001101001101111101111001111001101110011001100100000111001111111000101011100111000101000111011110111110100010101111101111101100110101101001110110101101001011000111001111001001110101010011101010001011010011011100111110001111000010011010010101100110001001011001011001100010110001001100111100010011100110110100110011001
0100101000001111001001100101111000001001110000101001101100011100110100110110111100010001101110000101010101001101101111100011100111001111100000000101111110011001001010001111111101110000101001000110111111010001110101011101101000001001110110001001101101111001010010001100101001011000110001001010010010101000001011110011010000011000011000101101101000010010111110110001101010110001110010000010010110110110110011010000111
1111101111100101101001000000100011110010010101101000010001100011010010011011101111010100100010011110110010000111101011110001101010101010111111110011011101100100001001010111011010001111100001000101111101100111100111010101110101010100110001011111100100011001001110111111001010000110001110110111010100100010111000011011000111000011111111001000100011001011010010110000000011101100000111100000101010011000000100100001011
1110101101100000001111100101000100001111111101001001010101010011000111010101011100111000100010010101010010010100100101010011101011111001111010010011101100100100110001110011111100011110101011101010110011001100101100110010100001110111101100111010001011101100101110000010010110011110011111110011111100011101011101001110010100110011001000011001000011000101111111100101000111011110111100010110100110011101111101010111101
1111010001111100000100110100011100111001011001011100110110000010001110001100011011101100111110101101111101000000111101100001111101100010000111100110000100111000111100011110101011010000101011000101011001001111001001000100110001000011011000011011111111101111011101110001000110111111000000000011001000100110001111010011011100101110100100000001010011001100110101100011010001110001011010100100000001011111001001111001011
0111101100110100110000000011110101110010011101000111001000010010000011110110110100111100101100101011100000101000010010011000100100000110100010110100001010101011010111110100100011111010000110100010001011110001001100110001101000000011110111011000100100001010011011110110001100111000011101101100101010101001111010110001111000101001000011011010001001110000010111010000101001011001111101011101110100010101000010111001001
1001110100101011011111101010110110000001010111010000001010000101101101110000111110111011100011001001100101000001001101101111100000101001101110110101111100011100001011000001000100001111000011111100011011100011001001111011001000101101100110111111110010000011011001000011000000001000101111110010110111110111111101100010000010110101010100110100011010010011011000111111011111001100011011100101101010011001110100110111110
0000110110000010001110110111101000110001111000010000000111011111000010010111011111011100101100001111001000101111111110100011110111001111111001111111011011111001111100101000000101110111001011110010101011001110000010111111111101110100001111001100100111000011110001010010011001001111110100000010000001001110101010010100110001011010111011000111111100101111110011100001001011001100010011000001010010001010011110110101100
0110000111111011110110111000001011110001010110011110110001101001111100001100111111111100000001000110010000110100111000100011011101001100111000111000110010001011111110011111000111101000100111011001011000001101101010011010010000011000010011101100111100110010101011000111101001011010111010100001100010101110110110100101110001101101111011011100101111101001011110011010111010000000011011101110010110110001100000010111000
1101011111000011010110000110110101000010101101010001111011100100111001010001000110110100011110100100111100101101001111001000010111111101011011000111100100101100100010101111110011011101011100101010100110111101010000111010111000011110100100001111001001000001000110010101110110100001101011010101110100111001111111011010111111000100111101110010001111011011011100101001000000010000000101000101001110001110011101111101101
1110001011100001111100111010111101111011011101000010111010111101001110001011100101110101101000100101010111101111000010100100100010011100101111010100001101100000011100111010010100000101011001001010110111001001001101111101011110010001110010100111110111100111001101001010110011011110110111011101000000110000101110101101011111101100011001100010100100010011001100100111101010011100101101000101010111100011111110001110110
0110101100100000010100010110100011100001000110101010011000110110100011001000100000101001011101111001011111110001001101010010000100111110010001101111010110101011001110101010111110000111010111010110001110001000000000001000000111001011100111111010110100111011110000110001110101110010101100011001110110010011000001000001111111000001011111011010001000110101111010010000100001101000001111000001000110011101010100110001111
0010110001011110011011010011011100011111011100101100110110100001111111000111011110100000111011011000001010001011000110001110110101001011010001011000010101110101111011001111000001111001101011001100000100101110011000001110110000010010100000100100010100001010001001001011111011011110111000110101011011000111101001010000110000111000001010000011110111000111001101000001011100100010001101111010111101010110001010110100001
0000101111101101011001110010111111001011111010110010110110110111100100111001000010111111000101100001100111000111101101111001010001101101100001110011100010010011001110111010000110111110010011001000111010110010010110101001101000001110100101101111100000000011001110101110110000001111000010000010111000010110001010100110010001110000001000110110100010010111110001000010010101011001100100100011100111111000011100010101000
0001100011000001010100110100101110000011101001010001011101000110001100001101111010101110100010001111110100111111011001001011110010101001110111110010001100000000100100100011110010010001001010011100101000011110100010111000011001011000010111100101111101101000110100110110000110010111001101010101001010000110011101100000010101100100110100000000000000000000000000000000000000000000000000000000000000000000000000000000000