0001101011001101010011111011000101010100111111101100010010100000110000010110111110001101011000111001000001001000010010101001111111011000011101100011011111010001110100100101010010001100010111011010011101000101101110110101010101010011100100110110100011000000001100000110110101000000111001100101111010011110001001111010111100011011011100110011011001000001010101011010100100111100100111101001101100110000100101010011000
1100001011000101111100111001101010001011001101001111000111011010101000101111011110100001101111000100000011100101001001100001101101101110101011010101000001011000111001111001000101110100000110100000111011100110100111001000001100001001110110110010010110000000110111101110110010110000111101101010111100010010101110110001001001001101101110110100000010110001101101010101001110101001100100001011101001000001001110001100001
1011111010000110101000101000100100011100101111000100011110111110111011010111011010001010001101100101000011001010100011111011001010111100100000110001100010010000101101100101011100111000101011110110101001111001111101010110110001110001000011001100101101100000100110101100001110000101101111010111100000110111111100000000111101101000100001000111111110010010100101000100100000000100001001000110011010110111100001101000001
1111011010000001100111111011110100001101110010100111111110110110100111001010001100001001110111000110111101111101101001100010011101000001110111100110101111001010101110010011010001011101110010110010000011110000011000011010001110101110000111110001000111010110011000100101111001110100110101001000100001110010100100101101111111101110110110100110011110010101011100100010000100001101101110010011001001011111110101100110100
0010011011101001100000011000100010001100101101011010001011101101010001011111010110110100011100011011011101110000000010010110000011111101100110001101000011101010000010110001000111111100101010001110001101100100110000011111001000001100100101101010011000101110110110101110010001101011111111001010111110000011110010010001100110111111001101011111101100101100010010110111111001111100110010011100000100010100011001000100100
1100101001010011110001100000001001101100000111011010111000111011100001111100010101101100000111011000011101100100101011101100111001001100011100101110100110001000000001101001111111101000101000111000001110110110010011101010001101101100100100010000110000001001000010010000111011101110011011011100100101001110101001001110101011001010110010101001010011111110011011011011110010100000100110000111001111010101110101100011110
1010001010010010000111110110000011101010110000101001000110110000010111000011100111100001101110111100001011001011110011011101011110001000001001100110000000011111001101001001001011111111111101011101101100110100101110101110011000000000001101000001101101010010001111010011011011101000001001001111001010000001010100000100111001001100111001111011100011101110110000001000000100111001010100101100010111111100101101101101011
0101011111110011111000011010100111100100101001100100000001010000000100101011111100001100100111100100111101111010101110111110100111001000111111001011011000000101001111100011001010000010011110011011100001010010100101101001010100110100000000100100001110110010101001111010011001011000111010110101001101011101000100011011100111000011100100011101110100100000101010010100110101011010111110001001010011110100101101011111001
0100011001111111111101101110110101011010110100000011011010110010001011100100000110110011001101000011010001100110000000111010000010001101010100101011101011101100011000110110001101101000100111110101111001010011111000000101000111100010101011010111011010100100001011110100111110100010011110010011111010100000100001100110010101001100101101000110000101111101011010111100000001000100010001010010001111010111000000001110110
0011111100101100001000101111011010001011110001010000010100101100101010101101010110010101101011011010110110100010110100000101000000011101100001111001000100010100100100010000001001011000000101110100100110011010100110011010110011010010010110110011010001011011101111111111011111010001111000101101111001000011111111010111111100101111010100110010101011100011111100001001101000101010100001001111000110110011111011001111011
0100010010000000100110100000011100100000101000011111010000011000101000011100011000101010110001000100101010001000111100000011111100111111111111010100010001111000011001100011100110001101010110100111101110110011111000101101001110100011110110000011010100010110000110010111101101101101000111101000010111111001001111110001011001011001110001110111100110000110111000101011110100101111100010000111101010100011011101110101111
0111010110101010010110111011010101001110011101010110111101010110100011001110100011000010110111001000010111100110110100100100001110010011110111111101010110100101111110011000100100101001001000000101110010011101011101000000111110110011001100110110001010100100111111111001010000100100001001000011001111001100111001010000100011010010011110111111110001111001010100001100000011110100011010100001001110100001000011101100001
1100010110111101001100001001011000101000011001001001111111100011011110000010110010001101000010010111111110101000110001110001010011110101010001101101000011001010101111101011010110100111001110011111110101011010000101001001000110000010010101010110111101011011111110000010011000001110111100011101111010000010011101110010010000100111001110001101011110101111000101110001000000101100101100000110000111110110100111111001110
0000000010111000011110010000110111110110101011111000011101010001011101010111101101110110011110100011100010000010001110010001101000000111111011100101010111100100011001011011100110001101111001011101011001111001110111001001000110000110110111001001000111011010011000101101101100100001110111001011001010101010010100011011010110010011100110011010001010000010111000111111001110111011000011111100100110100110110010101101111
0011101001110001100111001110010110000101101010010010111111000011011101110010011100000000010001011011001011010010101110000001001011010111011101010011111111101110111000001100011010100110111001110101000111100110010100000000110101001001110110011000100111100110000101010011010100001011101110110110101110110001001101101100000111101100100111101011110100101000001111011111001111000100110011111001101010000101101110100001001
1011111111000011111000110001000111110000101010010110111110101010010010101010011001010010000000011010000000111010111011111100000001010101100111101111110100111011011001010001000100110001011110110011111100111111110001010110000101100110100100101100101100001011010100011000001101111101111100110101101100100100010011011011000000111101011000011001010011101100010000001111100000100010000110111100001111110100010111101000100
0000011110101110011011011001100010111100101001100111010111001010000100101100110111011101010101010111111001100110101000000110110111010000001011011010010010100110000111110000000000011111101010100100011011100101111010000110110101001101110101010000011010001011001111101111101101001001011000101011010100101101111001110111010011000001000101100011000100010010100101100100111010100001001110100101010110100011100111011001011
1110000111100100010011110011001100001001110011111001110010011100110110010100011011101011001111111101010010111010110001011110100000110011100111001111011111101001111110111100001011010001000100111110000010101110110100001001010111010010100110110011101100010111111010100001100011011100101101010100100001100100100001100010010010001110011110001010011011101111110011100001110110110111011111011101100000100001001001001010110
1110011101010111100111000111010010110101111100110001010010110111101100100110100001001011101110001000000101110101001001111010001110010000000010101011010011111001101100100011101111011011110111111000001100010111000100000101011000110010100100010011111101101111010111011000100001011000110011101000000000101101000101100101010010100010100011011110011001100100010010100110110101111110011000111101000100011000111110110101011
0010010010000110001011010011101110101011100011100010000100000001100100000011011101000001100010111100011110010011101111111110100011011001001110011011000110100000100101000010000011111000100101011110110011110111001101111001011111111111110101110101001111110111101111010001111000011111010000000100010001001000001001101101100100000101111101010001000100101000000110000100110100110110100101101000001000111101000111100110101
0010110001011000000001011010110110011011111001110011000110011111001001010010001111010011011010101010001110101111110100001000101100101101001001010101011011110111010001110010101110111110100001110100010001000101011111100010101101111101101110100001000100010110001010100010000011111111101111001101001000011111101011010110011010111110111011101100001111100001011101111001000011110001011100011101001010100010100101011101000
0100110100111011111101110111110100100101110011000100001101111100011011111011110011110111101000010000001111101010010000111010011001011101111111010111001001101011111101100000011111101010100101111001100000000100111110100100001110111101001111111011100100000111101111100010100100111100011111101011100010101011110100010101011101001000110011001100111101101001101010100001110101100100001011100000011101000001010100110110100
1100000110110010011000101110001111100000000000110010110001100101101111110100101110000100100110000001011110111101001100001001001001110111000110110001011010010000101010011011100110100001000100100101100100000010011000010100110011000100001100010101111110000011000001111111100111110110100010010101111010100100100001000001001010110101100010000111101111000111110010100111011000011010001100101000100000010000010001101100011
1001111001000100110010000000000010100111111111011011001101010110001101001101001110001000000011001111110000001110111000111100101010101000001110000011110011010001001101011001000011001001111000110111111110011000101010000110000110101011101101100100011101111101000100100110011110010111100001100101011111000111110110001111010101100010110101011000111000101000010100110000110100111011101010101101111010100110101010101000000
0100000111001000100010011111101100110110111101010000100001101100101011100000011110101110010110101010001010010010010001010100111101001000111000101100001100010101000010010110011010000011100101111011001101111111010010100111110101100100001111110000001110111110100110111001011011000101011111100011100100001001001001010111001111001011010101111111111110010011010011000010000000100111011000001110101100101001010101000111000
0100010010001010110001010000111111110110101000010101101000100010010100100010000101100110111001000101000011000111110100110101011011001110010110010101001111100000101010001100010100010010111001001010100100101110001010101011100011110001111010101101100010111001010001101001101001101010011010111000111011101001110100011001100010100011011011001011001101000101010000010000100101011100000100010011011100001010010010001010010
1111011000110101100010000001011010010011001100101100101110001011101101001001111111101001010011100011000010101111100101000001011000010110010000011001001000101000010110011111000101010100101101111111000001000101101001001100110100000000111000011100011011011000000011101100010001100111010011110110110110101010111100111100010010111011100101110010001100100100111010111011101100110001010111011010100101001101001000111000000
1001111010100001010001101100001101000111101001010011000001001111000110100110111101110010101001010101101011000010001110001100011001011001010100001100010110010000000101100011000001100010111010100111011011111010011100011110010001011100010010010101010111111100101011000010010001110100100100011110100110010010000100000011000111100101100111010011000101110010111100010101000111010101010100111111011000111011111111011011111
1111011111111000100011110101010111011010111111111111011001100110100100000111110101001001110111111001110001111111110001101010011010111110101000100110111011010011010101100111010001111000010000100101110010110110010001110010101001011010000110111011110011111110100011000110111011000100001101111001000111110010111100111000110110010011111111110110010110000000000011101000000010011011000100101011101011001011110100001001010
1111111101100110000011010011010011110101111111111100011000001001100101001011000110000011001010110101011100111110000100101111000010100011010111001010100101110010111010101001001100000100100110100001111000010101110011110101011011001011100101110001010111000011000010101000011100100011001010110100111101111011000011001100000100101001101001001010001001000110100011100110111000100000100000010001001001100110100100001101010
1111101111000110100010110111100001011111011100010110001110101110010011110101100101111010101001011100000110100101011101110001001110101111001111011110011011110000000000110011111110010000101011011000000000101011110011110000001011111000000001101100000011111001111100011001101000011001010110001110111011101011000110100111100010101111110110000010100111001101101010011111001101101000100011100100110011101100000011101010101
1110001101111001111011101000110101000110100001110010011101001001000110011101111000100101101110011110101110001000011000100010010011101101111101010010111000001000100111001101101101110011101111110001100100101011000101110000000010110110000100100001110100011100101010110011101011000010001111010000110100011100111011010001101010110001010000011010010110000110101011101000010101001011011011000010111100100010010000010110111
0111000111001101010100001100010101011101011010001100101000010010101001010001111011110001100001011100100110001000110001111010001100101011011101101000011110111111001000000011100000101001101110100111001101000001011010101100110010100011100101010111100010011111001010100100100100100000000111100000101100110111101100100100101110010000000011011100100110001011110101001111010101101000000010110110011111001100010111000011011
1110110101010110101011111110011111010011010001111100101010010010111010001111100011000000110001110001100101001110110101111111011000000111011001000010010001010010110111110101000100110001000010010011110100010100000001000011101000001111011110011001111010101100001000101110110111000001101001111010101001100111001001011110100010000110101000110001100010001000110010000010011011001000101101100011010101111011111000011000101
1011000110001110110111111001010011010001101000011011010000100001100010000110010110100010100111011110101000101101111011000001011111101010010101010001110010001011110000111110100001000000001001001010101100100100001011000100101110110001010101010000001100011001001000001010110101111100001100000010111100001101101001010011100000100001101010101100000110110110001101001011000101110011110110010100000000001010101001001001101
0100001100101111010100111101110011011101001101111010111010101100101101000011100011010001000011011011111110011011001101101000010001001110110010000000101011010011000000011000101101100000000001110001101000001011001001000111011010101011111110110010011100111000110101111101010000001010001110010111111101100001011100010110101000111010000111001110110011001010111110001010011101010110101110011110001111000011011011110100011
1100110000101101010100100101001100001000011001110000001100101110010001101000010011000101000001111010001010010111010001000111111011011100001111010110100000111011111100101100001010111110101001010111110101100001010011100100101110011011010000101000010101101001111000000100111101111011011000000001000011011001010100101101100001010001010001001101010100011100100100111101100111100101110110010011011001111000101100000001011
0011001100101101101110110001010111111101101110010100001101001110010001101101000010011000001000100001001011001000011000000010010100000011110000111111001001000010000100110000101000100011100100100101010100001000010010000010110110110101010110000011011101011010101011100111100110101001001101100111001010000101110011111100010000100111000000000000000000000000000000000000000000000000000000000000000000000000000000000000000