1101011000110000110110110011110111110101001011110100100000011101101011101011100110010000111101110001001111111110110101010111110011001011011101101110111100001110100001110010000011101000100011100100010100001101011111001101000000100111000000001110111100011111000011110000010111010011011101101001011000001011000010001001110110000001111100101111011100011100011110110101000001101101101000100111001010100110101110101101100
0110010100111010000111001010111110101101110001110110110010111010110001111010011100110011000101000101100111001110111101010011010100011111100101010101110111110001111000101000011101111110001010101110111001100100001110001101101101100001010111110001010111010100001000111001000111111110110000111111000100111010111001001011010010000000110011001010001111111001001111101110001101001011111101001110100000101010011101001011111
0010010100011000001101111011011100100000000001100111111000010011001111000010010010001100100011101001101000000011000000011011111101010000011110011110000101001010111110110010010001001010100011011101000010101000010010101001100010100101100000000011100011001100101111010000011101001010011000000010001101001011100111011000001101011111010101000000001111111101000100000001110011010110110100101101111110110001110101010101000
1111000111100100010001011111010011101110100110001010011111101000110101010101001111010110000100000100101011000011101100001000010010000010001000110011100100101110111100000001001100100000001111110101100110110110101000110000011111000111010100101101001011010100011101010000101111011110101010111110000100000111001111011110011010101010111111101011001110100111110111011101110101111110110111100010110101001010111110001000011
0000100110100110001100110111110111011010000001011000010011100100101101001001101111011100110000010000001100100100010000010111000101100010100000010111100101001001100110000110100011110000011001100010001011000000001100110101001010111000011111011010011111010100110010000011100011000111010110011000111101100001010110001110000101111000111101101101100111001011111011011100011001111111000100100100000010000110011001000100110
1111101110100111100010111011001011000001100001101011111001010011111010000001100000101101000000111100100100001011101010000010111100101011000001110100101101000011010011001011010100011000110000011011100111110111111010011111101111111011110111111010000011101101011101111011111000011110101111001001000110011100010010001100100001100110010101101100000000111100100101000001110011101111111001001000111101011101011100010001110
1110101101001100101001000111111011010001001000000111000110111010100010100000001101001011001001001001000101100110011100111001111100100000111001111101110101100100000110000000101010100010110001011011110010010010100001100000101000000010000100000111110101010011010111111001101110100111010111010100000011000110101111010000101110100000100010010110101101011001011001110011100111111110010001110111110000111010111101010000111
1000111011001110110001011000000011110010011001000111000001011110000001010100110001000101100110100011001010100111010011101001111011111001101101110111110010001100000000010101110001110010011000101110100101110010010011010011010110100000001010010001011100000001000100000110001011000100010001110001010001100100100000010111010011011111110110100100110000110010011011111011111011111101000010100011110010110100101011110001100
0100101110001111001100100100011011101111100101101100010100101010111110101000001000110011001100101101000110101100001000011011101101011100101110110101010101001001010011000100100101111010101101111110001110000001011110110101000111110101011011010010000001010100111100001011000110010110101111100111001000000110000000001000000001111011110010101101110001000101100111001011001001011010101011010101101110000011111001010100010
1000010010000000100011000010101011000000101110101100111111110100111101101100110111101111111001010111000110001010100000010000111001110010110101111110110110001100111100101110011101110000110101001101101110110010011001011000001011101011100101001101010111111000110011111010010110011010100110111110111001011000001111111001100010010100101100010100011011101100111001100011010000101011010101101010101101011101111011000011111
0000001000000101110101100100101101000000000100101000110111010110001010011000011110000100010111011000011110101101000000000101111101000001000001010011100101110110010101110110011110101011111100110101101000100000000001000110000011001100111001011101011100000110011101100110011101000111100001101011101101001111000000101111100001111001010000100100000100111100110100011100100000001100111011111101111100000100010100011010000
1101110110000101011010001101101111101111001000010011010010101100011110100010101010011101110101111011011001101101100001111101001001101001110010011111000110001100100100110010001110011000011010000011010100000011001111001111101010100010111101101010000010000000111100000111001110100111100001101000101000010111110111110010100011010101000011111011011110111010000011000101100011101000110000100010001010001001111111100011100
0010011100011101111111001011111110101101110000111111101101111110100111100010001110001111110001101010011110001001100110010000111101011001001000100101100001010101101001100110010010011010001111111110001110111110011100110101110100101011111001110001101011111110100011100111100011001110001101000001010000110001010100001100010011101110011111110000010000111000100101000101000101011010101001100011101100000001100101011000111
1011000010100110111111001100111100001111011001011010110110001000100001111101101001001110000100011101001101111110000111000101010001000001101110101101101111100100101111010001001011110011000100001001111010111011110011001111011110101110001000100000000100000001101001110010010010010110101111100111111000011110011010110101001100101110110101001101001100110100011010110100101101000100000100010100111111000100111100000011001
1110010111101001101111010101000101110111110000110110101110011111110101101000010100101001100110011111001001111101010111111011101000011010011001010100100010110011011010000100010000101111110101111110110110001010110000110110101111010000001100011000011010110111010010110110001101100001101111010111100000000010101101111011001001100010111011110010000000101001011100011110011101000110000010001011001011110101010100101100010
0000011010011000011011011101111111011100001100010010011010101000111110011100010111011000111101110001101111100101010000001000011101100001100111001100001101101111101001100100100000000010000010001001010000010011111001101010111101000010001011101100000010101011111101001111011011111011000111001000010011011110010101100111011110110011000011111101001010010101011111001110000101110010011111111101110110110000000010001010100
1100100010001010111100011000010111001100111100001011001110010000100110100111000111010010001000111010111010000010001011000110001001111110110011111111000011110001001110111000101101101101101100110111011000101000110110011011000100101110001011001010011100001101001110110000101001100001111110110110010011101101010110000010000001001100101101001110010101010100001111001010000110100011101111100110111001101001001101000101100
1010110101001011111010100111100011011111000100001110110100001010101000010001101011101011101000010000111110000101000111101101111001011011001101110110000101000110010001011100111000001111010000111000001011000101101001101110011001111000011111011010100111110111011001101001100100011100100001010101000100110010100000001100111100011111000101011011110110000000101000101110001000000100001000011111110000010100100100000000101
0000100011000110101110011110110010010011100000110001011011010000100111001010001111101000011000100000000011011000101111011111011101000111000111110011100100011010111000010101011100010110110101110010011101011011100001100101000110100010101010010111100111001111001001011110101110110111011101101001001110000011110110011010000010011010010010110011000001001110001100101110100000001000100111111011010001010111111001110011100
0101101111001110111100001101000101101111110100111010000100101000101110011101100101100110101110001101000010100110011101110111011010010010110011000111010000010011100111001111001111011110110100100001110110001011001101110100100011001001101101001100011000100100010000101001000111101011101011110101110111110111001011101100010010111100011011000000010111110000111001011011011011000011100111000010001110101101100001111001111
0010100100000000111110010101001101010010111010001111001001001111111000000100111000100011000000101011100011101000010001001100000000100011100100001110100000111101101110100111110000011110000110111011100101101111000011010100110000000111011111111101010011000111001001001000101000000000011011001000010001001011011010001100010001011001100010101011011000101110101100001111011110001110101110010111001010001000001001001000111
0110110000111101010000100000010011011100111111011110010110101010010000011000000000011001111101100101111010000011010001010111100111110000101011110010100001000101101101001110110101101111011101001100001100101101110001101110001001111010101000000110100001001111011111101000010000100111010110100001011101000011000010001011111001111001000001010101011101100100110101110101100111100010011001101010110100111010010101010010011
1001011110111011100011010100000100100000110101000011101000010011011111000101110011011100011100101111111100111011000110011100001011001000010000100100101010000001100011000011111111101101011101111000011101000001101111001111110111011100100111101101011100000001011100111100001001111101010101111111001100101001001101000011001101101111001110000001100000100000100001001000101100000111101101111010011001011001100010100110100
0110010001110101100111100011011001011100011101001100110001100111001001111010000101000000010011000010111000010111110111110100111000110000001111000000100101100111111100000100011010111111000111111010110000110100001011110110100101011111101001010011000101000001101110101011100001001111000011101000111111101100110100000100011011101101111001010101100101111111111001110110011000111111101100110100101100001111110111110011100
0101011110010000001000001100111010100101001110100001001110011011000110101110001000011010101110101101000101010001101010000011000001001101110101011111011101001011111100101100000010000110111010011010100111101110111101110001001110111111100000010100011001000110011010100010100001111101110000011101101101010101111011111111110001110100011101100010110001011110101101000000111011010101110001010001011110111001111001010111110
0011100010100101000000010001110000100000111100100101101010101111110111011011100101110010110111010000001100100001100011010000000000001011010100111000100101111001000010111011011011001100110100010010111011010111000001100000111101111011001110101010100110101110111010101100110011010111010110101100111011010010111000000111111010010010001001101010111010110001101111000010000110010100011010100010011100110111001001011110010
0111110110010010000110011001100010000001000110100010001010101010111100010110111011101001101000000110101101011010000111111000100001001010000000001100001010010101001010101000100010100100001101111000011110011001110110001111110101101101100100001000010100000101001010000110011010110000010001001010011000011101100001001100101101011011000010101001100110101101110011000100011010111011101011010001100100110011111001111101110
1101000010000000110101010011011001101110101111101001100011110001110001010011001110001101100010101101100111001010100110001100100110011010101011110010000110100011010100101001110010101000100110000001001010000111101000111010110010111001000110010011111100001000111001100000101010010110011100011000101100011000100001100101111001000000000001000111000011001111100100001110111000100110011100011101110010001100010100001001110
1010101011110111000010100001000000001100001111100000101110100001010011100111111011100100000011101001011010011111010111010100111011111100111111111011110000100101101111001100000001111100110001010001010011110110010001000111111100100110100111100111000011111001000010010111000011001101011011100111100111110110100000100000101001100010001100110011100110011110101011000000110111011100010010100100001111000111010110111011010
1001010100011010111110110111000101000011111111010101101011000000101101100111111010111010010101101111111010010110010111110100010110100000001000100110111010001111101111010101110110110000101000111111110101110010100001111011101011101001110010010011011001110111110111110000011001100001100001001011111111111111101101110000101001101001101100100101011110010000101011110101010111110010101010101101100010010100101000110111001
1111011010111100101111111000111101011110001101010110111000100111111001011100100000001100011010101110010110100111101000100001011110010111111101010001011101001101100101010000110100010001000101110001010111000010111010110100010001010011010100001100110101101000100111010001001000100110000100100101110101100000101001100010001100110011001011010110010100000100101011100010001000111111010110001101001001001100111001110100101
1110001111111111110011010010000110010000001000101111011010010100101010101000011010001011000110101110000010110101110101100101001001000010010001110000101010110100010011111100101001110011001010010000111110110011110000000101101001011100111001010110011011100110110110010110000101011010011100111110010011001100111010110010111010101010101101010001000000000001111010110001001000110011001010010010011111010011010100111000010
1101110100011100111100000101010010010011011100101100001011110010000011101001000110111100100010001101111000110110010111101100100100001111011101110111001010010011011000001011001010001011010100001001100010100001101100100010000100011001001101001101100001110100000101001110001100000010110010110110000001100111100001011000010110001110000010101111111010101100111000110110101101101001101111011100100001110111110111011110110
0011011001100100110011011010101100011100011110000100101100100010101110011101100101010011001110111001100001001100101100100110011010101000001000001001011000001110100111000111110111101000111010011110110101011111100111000011110110011101100110001001101110010111000100010110101010111011000011110100010101001110111110010001101000111100000000011011111101110001101011000001001101100110001100101011101000110111010010111100000
0111010111000000111001100101010101100110011000011001101010011010000010111111001000001111110110101100001001110010100101001010111110101010001100110101110011111000011110010111011000010100101111011101110100111010010011110010101101100010011000111110110101010011100110011000110111110000100110000101101111111101111100101111100111110111001000101101101110110011110110100010000000000000101001011000100111001011110000001000110
1000001111000100001011001101111100110110001100100001010010000100011000000011101010111001000111010001101110001101010011011011001110011000001101111100000111110010101110111111110000110000010011011010101111101101010101101001000111111000100000010101111101101100101111010110111000111111010110000011101011011110011100100001100100110010110010010111100010101111111111101000010000111111010110011001101100011110000110101111101
0100001110100111100011110010000000110100110110001111110110111110101111000110000001001001001110000010010110111011110101010000010111000100100100001001001100011001110011110000001100001001000000100000011101011011101101111001110101111001001011000010111000001001110111010011111011010000110000110111110111110001111000101010111101011011000100010100111100011001111101101010011110110110110000000010111010100111010100001111101
0111100101111110000110110000110111111001010001100010111011010011001110101100110101000010011100001101111011100011101111110001110001001101110001111000010111100111010110111111010110100111000001101010111010111011011011001011001101000100001101101110111110011011010111001100101110011011011001011110010110001111000101111100111110101010010000000000000000000000000000000000000000000000000000000000000000000000000000000000000