0000010101010010001001111011010110000011011000100001100010011010111000011000011000100000101010100100010011110110101100000110110001000011000100110101110000110000110001
0100011111110010101011001101100011000000001000001100111110101010011100101011000011101000111111100101010110011011000110000000010000011001111101010100111001010110000111
0010100110110000110000110010011111011100000110000011111001110101111111100110011111000101001101100001100001100100111110111000001100000111110011101011111111001100111110
1111100010101111100010110011011010001100100101100010110101110101001001000011001111111111000101011111000101100110110100011001001011000101101011101010010010000110011111
0010101100010110010111011010011110001101111001010011111110101110011101011100011111000101011000101100101110110100111100011011110010100111111101011100111010111000111110
0100011111110010101011001101100011000000001000001100111110101010011100101011000011101000111111100101010110011011000110000000010000011001111101010100111001010110000111
0000001010100110100111101000000001010001111111010000000111011011100010111010000000000000010101001101001111010000000010100011111110100000001110110111000101110100000000
0000011111110100101110010011010111010010100111110001100101000001011010100010011000100000111111101001011100100110101110100101001111100011001010000010110101000100110001
0000010101010010001001111011010110000011011000100001100010011010111000011000011000100000101010100100010011110110101100000110110001000011000100110101110000110000110001
0000001010100110100111101000000001010001111111010000000111011011100010111010000000000000010101001101001111010000000010100011111110100000001110110111000101110100000000
0110101100010000010010000100101010011111010110101110100101000101011011010101000100001101011000100000100100001001010100111110101101011101001010001010110110101010001000
1101000100011111010010000001000101010000100011100001001100000000110110100101010000111010001000111110100100000010001010100001000111000010011000000001101101001010100001
0110111001000010011011111111111100011100001110001111000111011111100011001101011100101101110010000100110111111111111000111000011100011110001110111111000110011010111001
0110110011100100111100010111111101001101110001011111000000000100000001110111011100101101100111001001111000101111111010011011100010111110000000001000000011101110111001
1001001110111111110000110111110000010011110011001100010000110000010010010110001011110010011101111111100001101111100000100111100110011000100001100000100100101100010111
1101011011101011111100010010010010000010000100010000101001000001101100000111001000011010110111010111111000100100100100000100001000100001010010000011011000001110010000
0110111001000010011011111111111100011100001110001111000111011111100011001101011100101101110010000100110111111111111000111000011100011110001110111111000110011010111001
0110101100010000010010000100101010011111010110101110100101000101011011010101000100001101011000100000100100001001010100111110101101011101001010001010110110101010001000
1011110111111011101110010110111000011101010010111110001100000100110111010010001100010111101111110111011100101101110000111010100101111100011000001001101110100100011000
0110111001000010011011111111111100011100001110001111000111011111100011001101011100101101110010000100110111111111111000111000011100011110001110111111000110011010111001
1101001110111001110101101001000100000001011100110001001011011011010100011111010000111010011101110011101011010010001000000010111001100010010110110110101000111110100001
0010110011100010111001001001001001011111011110100010011011101111000111111110000111100101100111000101110010010010010010111110111101000100110111011110001111111100001111
1001010001001011011110100100100111000001010100111101110101110001001000110100010011010010100010010110111101001001001110000010101001111011101011100010010001101000100110
0110101100010000010010000100101010011111010110101110100101000101011011010101000100001101011000100000100100001001010100111110101101011101001010001010110110101010001000
0110101100010000010010000100101010011111010110101110100101000101011011010101000100001101011000100000100100001001010100111110101101011101001010001010110110101010001000
1101001110111001110101101001000100000001011100110001001011011011010100011111010000111010011101110011101011010010001000000010111001100010010110110110101000111110100001
0010100110110000110000110010011111011100000110000011111001110101111111100110011111000101001101100001100001100100111110111000001100000111110011101011111111001100111110
1101011011101011111100010010010010000010000100010000101001000001101100000111001000011010110111010111111000100100100100000100001000100001010010000011011000001110010000
1111100010101111100010110011011010001100100101100010110101110101001001000011001111111111000101011111000101100110110100011001001011000101101011101010010010000110011111
1101011011101011111100010010010010000010000100010000101001000001101100000111001000011010110111010111111000100100100100000100001000100001010010000011011000001110010000
0010110011100010111001001001001001011111011110100010011011101111000111111110000111100101100111000101110010010010010010111110111101000100110111011110001111111100001111
0110101100010000010010000100101010011111010110101110100101000101011011010101000100001101011000100000100100001001010100111110101101011101001010001010110110101010001000
1111111101011011001100100000001101011110000010010011010000110100010011100001010111011111111010110110011001000000011010111100000100100110100001101000100111000010101110
1111111101011011001100100000001101011110000010010011010000110100010011100001010111011111111010110110011001000000011010111100000100100110100001101000100111000010101110
0110110011100100111100010111111101001101110001011111000000000100000001110111011100101101100111001001111000101111111010011011100010111110000000001000000011101110111001
1001010001001011011110100100100111000001010100111101110101110001001000110100010011010010100010010110111101001001001110000010101001111011101011100010010001101000100110
1011111101011101001001111110111001001100101101101110001011011111010101101000001100010111111010111010010011111101110010011001011011011100010110111110101011010000011000
0010100110110000110000110010011111011100000110000011111001110101111111100110011111000101001101100001100001100100111110111000001100000111110011101011111111001100111110
1001010001001011011110100100100111000001010100111101110101110001001000110100010011010010100010010110111101001001001110000010101001111011101011100010010001101000100110
0110101100010000010010000100101010011111010110101110100101000101011011010101000100001101011000100000100100001001010100111110101101011101001010001010110110101010001000
1101010001001101011011111010010011010011111011000000101110011010001110111101001000011010100010011010110111110100100110100111110110000001011100110100011101111010010000
1111100010101111100010110011011010001100100101100010110101110101001001000011001111111111000101011111000101100110110100011001001011000101101011101010010010000110011111
0010101100010110010111011010011110001101111001010011111110101110011101011100011111000101011000101100101110110100111100011011110010100111111101011100111010111000111110
1011111101011101001001111110111001001100101101101110001011011111010101101000001100010111111010111010010011111101110010011001011011011100010110111110101011010000011000
1011111101011101001001111110111001001100101101101110001011011111010101101000001100010111111010111010010011111101110010011001011011011100010110111110101011010000011000
0000000000000000000000000000000000000000000000000000000000000000000000000000000000000000000000000000000000000000000000000000000000000000000000000000000000000000000000
0000010101010010001001111011010110000011011000100001100010011010111000011000011000100000101010100100010011110110101100000110110001000011000100110101110000110000110001
1111100010101111100010110011011010001100100101100010110101110101001001000011001111111111000101011111000101100110110100011001001011000101101011101010010010000110011111
1101001110111001110101101001000100000001011100110001001011011011010100011111010000111010011101110011101011010010001000000010111001100010010110110110101000111110100001
0010101100010110010111011010011110001101111001010011111110101110011101011100011111000101011000101100101110110100111100011011110010100111111101011100111010111000111110
0100011111110010101011001101100011000000001000001100111110101010011100101011000011101000111111100101010110011011000110000000010000011001111101010100111001010110000111
1001011011101101111001001100100110010000101011101101110010101010101010001110010011010010110111011011110010011001001100100001010111011011100101010101010100011100100110
1111100010101111100010110011011010001100100101100010110101110101001001000011001111111111000101011111000101100110110100011001001011000101101011101010010010000110011111
1011111101011101001001111110111001001100101101101110001011011111010101101000001100010111111010111010010011111101110010011001011011011100010110111110101011010000011000
0100000000000110000101011110110100010010101111111101011011101011000110001001011011001000000000001100001010111101101000100101011111111010110111010110001100010010110110
1101001110111001110101101001000100000001011100110001001011011011010100011111010000111010011101110011101011010010001000000010111001100010010110110110101000111110100001
0000000000000000000000000000000000000000000000000000000000000000000000000000000000000000000000000000000000000000000000000000000000000000000000000000000000000000000000
1001010001001011011110100100100111000001010100111101110101110001001000110100010011010010100010010110111101001001001110000010101001111011101011100010010001101000100110
1011111101011101001001111110111001001100101101101110001011011111010101101000001100010111111010111010010011111101110010011001011011011100010110111110101011010000011000
0000000000000000000000000000000000000000000000000000000000000000000000000000000000000000000000000000000000000000000000000000000000000000000000000000000000000000000000
1101001110111001110101101001000100000001011100110001001011011011010100011111010000111010011101110011101011010010001000000010111001100010010110110110101000111110100001
0100011111110010101011001101100011000000001000001100111110101010011100101011000011101000111111100101010110011011000110000000010000011001111101010100111001010110000111
0010101100010110010111011010011110001101111001010011111110101110011101011100011111000101011000101100101110110100111100011011110010100111111101011100111010111000111110
1111111101011011001100100000001101011110000010010011010000110100010011100001010111011111111010110110011001000000011010111100000100100110100001101000100111000010101110
0010101100010110010111011010011110001101111001010011111110101110011101011100011111000101011000101100101110110100111100011011110010100111111101011100111010111000111110
0010101100010110010111011010011110001101111001010011111110101110011101011100011111000101011000101100101110110100111100011011110010100111111101011100111010111000111110
1101011011101011111100010010010010000010000100010000101001000001101100000111001000011010110111010111111000100100100100000100001000100001010010000011011000001110010000
1111110111111101101011001000001100001111111101000011010111101111110001011011010111011111101111111011010110010000011000011111111010000110101111011111100010110110101110
0010110011100010111001001001001001011111011110100010011011101111000111111110000111100101100111000101110010010010010010111110111101000100110111011110001111111100001111
1101011011101011111100010010010010000010000100010000101001000001101100000111001000011010110111010111111000100100100100000100001000100001010010000011011000001110010000
0010101100010110010111011010011110001101111001010011111110101110011101011100011111000101011000101100101110110100111100011011110010100111111101011100111010111000111110
0000010101010010001001111011010110000011011000100001100010011010111000011000011000100000101010100100010011110110101100000110110001000011000100110101110000110000110001
0100001010100000100010110110110101000011010000101101011100110000100100110011011011001000010101000001000101101101101010000110100001011010111001100001001001100110110110
0110100110110110110101101100101011001110101001111110100010011110111001101111000100001101001101101101101011011001010110011101010011111101000100111101110011011110001000
1011110111111011101110010110111000011101010010111110001100000100110111010010001100010111101111110111011100101101110000111010100101111100011000001001101110100100011000
0010111001000100011110100001001000001110100001110010011100110100100101000100000111100101110010001000111101000010010000011101000011100100111001101001001010001000001111
1111110111111101101011001000001100001111111101000011010111101111110001011011010111011111101111111011010110010000011000011111111010000110101111011111100010110110101110
1001010001001011011110100100100111000001010100111101110101110001001000110100010011010010100010010110111101001001001110000010101001111011101011100010010001101000100110
0110100110110110110101101100101011001110101001111110100010011110111001101111000100001101001101101101101011011001010110011101010011111101000100111101110011011110001000
1001000100011001010111011111110001000010001100011100010111101011110000101100001011110010001000110010101110111111100010000100011000111000101111010111100001011000010111
0110110011100100111100010111111101001101110001011111000000000100000001110111011100101101100111001001111000101111111010011011100010111110000000001000000011101110111001
1111111101011011001100100000001101011110000010010011010000110100010011100001010111011111111010110110011001000000011010111100000100100110100001101000100111000010101110
0110101100010000010010000100101010011111010110101110100101000101011011010101000100001101011000100000100100001001010100111110101101011101001010001010110110101010001000
0100001010100000100010110110110101000011010000101101011100110000100100110011011011001000010101000001000101101101101010000110100001011010111001100001001001100110110110
0110110011100100111100010111111101001101110001011111000000000100000001110111011100101101100111001001111000101111111010011011100010111110000000001000000011101110111001
0000011111110100101110010011010111010010100111110001100101000001011010100010011000100000111111101001011100100110101110100101001111100011001010000010110101000100110001
0110100110110110110101101100101011001110101001111110100010011110111001101111000100001101001101101101101011011001010110011101010011111101000100111101110011011110001000
1101001110111001110101101001000100000001011100110001001011011011010100011111010000111010011101110011101011010010001000000010111001100010010110110110101000111110100001
0000001010100110100111101000000001010001111111010000000111011011100010111010000000000000010101001101001111010000000010100011111110100000001110110111000101110100000000
1101010001001101011011111010010011010011111011000000101110011010001110111101001000011010100010011010110111110100100110100111110110000001011100110100011101111010010000
1111110111111101101011001000001100001111111101000011010111101111110001011011010111011111101111111011010110010000011000011111111010000110101111011111100010110110101110
0100000000000110000101011110110100010010101111111101011011101011000110001001011011001000000000001100001010111101101000100101011111111010110111010110001100010010110110
1111110111111101101011001000001100001111111101000011010111101111110001011011010111011111101111111011010110010000011000011111111010000110101111011111100010110110101110
1001001110111111110000110111110000010011110011001100010000110000010010010110001011110010011101111111100001101111100000100111100110011000100001100000100100101100010111
0000010101010010001001111011010110000011011000100001100010011010111000011000011000100000101010100100010011110110101100000110110001000011000100110101110000110000110001
0100010101010100001100100101100010010001110111011100111001110001111110010001000011101000101010101000011001001011000100100011101110111001110011100011111100100010000111
0010111001000100011110100001001000001110100001110010011100110100100101000100000111100101110010001000111101000010010000011101000011100100111001101001001010001000001111
1101011011101011111100010010010010000010000100010000101001000001101100000111001000011010110111010111111000100100100100000100001000100001010010000011011000001110010000
1011101000001111000000000101101111001111110101001111101001000101101101110000010100110111010000011110000000001011011110011111101010011111010010001011011011100000101001
1001010001001011011110100100100111000001010100111101110101110001001000110100010011010010100010010110111101001001001110000010101001111011101011100010010001101000100110
0010100110110000110000110010011111011100000110000011111001110101111111100110011111000101001101100001100001100100111110111000001100000111110011101011111111001100111110
0110111001000010011011111111111100011100001110001111000111011111100011001101011100101101110010000100110111111111111000111000011100011110001110111111000110011010111001
1011110111111011101110010110111000011101010010111110001100000100110111010010001100010111101111110111011100101101110000111010100101111100011000001001101110100100011000
0010110011100010111001001001001001011111011110100010011011101111000111111110000111100101100111000101110010010010010010111110111101000100110111011110001111111100001111
0100001010100000100010110110110101000011010000101101011100110000100100110011011011001000010101000001000101101101101010000110100001011010111001100001001001100110110110
1001001110111111110000110111110000010011110011001100010000110000010010010110001011110010011101111111100001101111100000100111100110011000100001100000100100101100010111
0000001010100110100111101000000001010001111111010000000111011011100010111010000000000000010101001101001111010000000010100011111110100000001110110111000101110100000000
0110111001000010011011111111111100011100001110001111000111011111100011001101011100101101110010000100110111111111111000111000011100011110001110111111000110011010111001
0010101100010110010111011010011110001101111001010011111110101110011101011100011111000101011000101100101110110100111100011011110010100111111101011100111010111000111110
0000010101010010001001111011010110000011011000100001100010011010111000011000011000100000101010100100010011110110101100000110110001000011000100110101110000110000110001
1001010001001011011110100100100111000001010100111101110101110001001000110100010011010010100010010110111101001001001110000010101001111011101011100010010001101000100110
1011110111111011101110010110111000011101010010111110001100000100110111010010001100010111101111110111011100101101110000111010100101111100011000001001101110100100011000
0010100110110000110000110010011111011100000110000011111001110101111111100110011111000101001101100001100001100100111110111000001100000111110011101011111111001100111110
0000001010100110100111101000000001010001111111010000000111011011100010111010000000000000010101001101001111010000000010100011111110100000001110110111000101110100000000
1011110111111011101110010110111000011101010010111110001100000100110111010010001100010111101111110111011100101101110000111010100101111100011000001001101110100100011000
0000010101010010001001111011010110000011011000100001100010011010111000011000011000100000101010100100010011110110101100000110110001000011000100110101110000110000110001
1011111101011101001001111110111001001100101101101110001011011111010101101000001100010111111010111010010011111101110010011001011011011100010110111110101011010000011000
1001011011101101111001001100100110010000101011101101110010101010101010001110010011010010110111011011110010011001001100100001010111011011100101010101010100011100100110
0000000000000000000000000000000000000000000000000000000000000000000000000000000000000000000000000000000000000000000000000000000000000000000000000000000000000000000000
1111110111111101101011001000001100001111111101000011010111101111110001011011010111011111101111111011010110010000011000011111111010000110101111011111100010110110101110
1001000100011001010111011111110001000010001100011100010111101011110000101100001011110010001000110010101110111111100010000100011000111000101111010111100001011000010111
1101011011101011111100010010010010000010000100010000101001000001101100000111001000011010110111010111111000100100100100000100001000100001010010000011011000001110010000
0000001010100110100111101000000001010001111111010000000111011011100010111010000000000000010101001101001111010000000010100011111110100000001110110111000101110100000000
1101001110111001110101101001000100000001011100110001001011011011010100011111010000111010011101110011101011010010001000000010111001100010010110110110101000111110100001
0010110011100010111001001001001001011111011110100010011011101111000111111110000111100101100111000101110010010010010010111110111101000100110111011110001111111100001111
1111101000001001000101011011011011011101011010110010110010101110101011111001001111111111010000010010001010110110110110111010110101100101100101011101010111110010011111
1011110111111011101110010110111000011101010010111110001100000100110111010010001100010111101111110111011100101101110000111010100101111100011000001001101110100100011000
1011111101011101001001111110111001001100101101101110001011011111010101101000001100010111111010111010010011111101110010011001011011011100010110111110101011010000011000
0010100110110000110000110010011111011100000110000011111001110101111111100110011111000101001101100001100001100100111110111000001100000111110011101011111111001100111110
0000010101010010001001111011010110000011011000100001100010011010111000011000011000100000101010100100010011110110101100000110110001000011000100110101110000110000110001
1011111101011101001001111110111001001100101101101110001011011111010101101000001100010111111010111010010011111101110010011001011011011100010110111110101011010000011000
1001011011101101111001001100100110010000101011101101110010101010101010001110010011010010110111011011110010011001001100100001010111011011100101010101010100011100100110
0000010101010010001001111011010110000011011000100001100010011010111000011000011000100000101010100100010011110110101100000110110001000011000100110101110000110000110001
1001011011101101111001001100100110010000101011101101110010101010101010001110010011010010110111011011110010011001001100100001010111011011100101010101010100011100100110
1101000100011111010010000001000101010000100011100001001100000000110110100101010000111010001000111110100100000010001010100001000111000010011000000001101101001010100001
0100000000000110000101011110110100010010101111111101011011101011000110001001011011001000000000001100001010111101101000100101011111111010110111010110001100010010110110
1011100010101001100111101101101110011110001010011111101110011110001111001010010100110111000101010011001111011011011100111100010100111111011100111100011110010100101001
1011110111111011101110010110111000011101010010111110001100000100110111010010001100010111101111110111011100101101110000111010100101111100011000001001101110100100011000
1101000100011111010010000001000101010000100011100001001100000000110110100101010000111010001000111110100100000010001010100001000111000010011000000001101101001010100001
0000000000000000000000000000000000000000000000000000000000000000000000000000000000000000000000000000000000000000000000000000000000000000000000000000000000000000000000
0110110011100100111100010111111101001101110001011111000000000100000001110111011100101101100111001001111000101111111010011011100010111110000000001000000011101110111001
1101001110111001110101101001000100000001011100110001001011011011010100011111010000111010011101110011101011010010001000000010111001100010010110110110101000111110100001
1001011011101101111001001100100110010000101011101101110010101010101010001110010011010010110111011011110010011001001100100001010111011011100101010101010100011100100110
0010110011100010111001001001001001011111011110100010011011101111000111111110000111100101100111000101110010010010010010111110111101000100110111011110001111111100001111
1011111101011101001001111110111001001100101101101110001011011111010101101000001100010111111010111010010011111101110010011001011011011100010110111110101011010000011000
0000001010100110100111101000000001010001111111010000000111011011100010111010000000000000010101001101001111010000000010100011111110100000001110110111000101110100000000
0000001010100110100111101000000001010001111111010000000111011011100010111010000000000000010101001101001111010000000010100011111110100000001110110111000101110100000000
1101001110111001110101101001000100000001011100110001001011011011010100011111010000111010011101110011101011010010001000000010111001100010010110110110101000111110100001
1101011011101011111100010010010010000010000100010000101001000001101100000111001000011010110111010111111000100100100100000100001000100001010010000011011000001110010000
1111110101000011001011010111001110101100000111110010000110100001011110000010011000000000000000000000000000000000000000000000000000000000000000000000000000000000000000
0000010101010010001001111011010110000011011000100001100010011010111000011000011000100000000000000000000000000000000000000000000000000000000000000000000000000000000000
1110001011011111001010001111100100011001100001001000010011111100111010000100111011100000000000000000000000000000000000000000000000000000000000000000000000000000000000
0000101111110100111000000110011110111010101110000111111100011110111110101111110100000000000000000000000000000000000000000000000000000000000000000000000000000000000000
0010011100010110000001001111010111100101110000100101100111110001111001010001110011100000000000000000000000000000000000000000000000000000000000000000000000000000000000
0010001110001000001011010010001101010110010010010000100101101001100111110110100010100000000000000000000000000000000000000000000000000000000000000000000000000000000000
1000000010111111101001011100001110001010100000011111110000001101111011100010101011100000000000000000000000000000000000000000000000000000000000000000000000000000000000
1110001100010011001001101001101000101001011011011100110011111110011100111011110010000000000000000000000000000000000000000000000000000000000000000000000000000000000000
1110001110001111000111001111110101101101100111000011011111000001110101000100011101000000000000000000000000000000000000000000000000000000000000000000000000000000000000
0110011001100010100111101000101101100100011111111101001101010110110110111110101110000000000000000000000000000000000000000000000000000000000000000000000000000000000000
1100011000011101001111010001111100111110101110011000000010011010101000001001001110100000000000000000000000000000000000000000000000000000000000000000000000000000000000
1100001000011111001011101010111011001001110000110010101100111101011111010001110000100000000000000000000000000000000000000000000000000000000000000000000000000000000000
1111011101011001011110001110000011000001010101001111100111001100000000110100000101100000000000000000000000000000000000000000000000000000000000000000000000000000000000
0100010010011000001111000011101110100001001101001000011001110011011000101110001010000000000000000000000000000000000000000000000000000000000000000000000000000000000000
1111111101111001100010011001010010111001000100111101101101000101010101000111110111000000000000000000000000000000000000000000000000000000000000000000000000000000000000
1000111111110111110101111110010101100100101010000011110011111010011101001100101110100000000000000000000000000000000000000000000000000000000000000000000000000000000000
1010110100101111110011101100001001000110111110011000011010101110110101111010101010100000000000000000000000000000000000000000000000000000000000000000000000000000000000
1000110111101111110010001001010110010110101111100010100101101111010000101111100001100000000000000000000000000000000000000000000000000000000000000000000000000000000000
1001011001110001110111101010111011010100010111110010011110010101000011110001111100000000000000000000000000000000000000000000000000000000000000000000000000000000000000
1011111010010001001010011000110101111100010111111010101011011101110011010111000101100000000000000000000000000000000000000000000000000000000000000000000000000000000000
0100010111101010101100111010100000110010001101101101101000111111010001001000001100100000000000000000000000000000000000000000000000000000000000000000000000000000000000
1001110100011001000001001010111000101010000101101010001110110100010100100001100111000000000000000000000000000000000000000000000000000000000000000000000000000000000000
0110111110001110011000011001110000101100110100011011100111011101000101110010010101000000000000000000000000000000000000000000000000000000000000000000000000000000000000
1110111011111101110010100011110010010110101110010000110111010010011000101111110111000000000000000000000000000000000000000000000000000000000000000000000000000000000000
1110101110001101010101100001111011110010110000011111101000111001100110010001001111100000000000000000000000000000000000000000000000000000000000000000000000000000000000
0011000010101010111100000000101100101000000111101101111000100101001000100100100010100000000000000000000000000000000000000000000000000000000000000000000000000000000000
1011001101111111110001010010101111000011100010110110101111110001110111000011000000100000000000000000000000000000000000000000000000000000000000000000000000000000000000
1100101010100011111001011011110111110101011101011111001010001011100011011101101101000000000000000000000000000000000000000000000000000000000000000000000000000000000000
1011000010001001011011111010111111100110011011101101100100010111011010111001100110000000000000000000000000000000000000000000000000000000000000000000000000000000000000
1101010011110011111011100101010001110000000001110001111111010100100001100100000111000000000000000000000000000000000000000000000000000000000000000000000000000000000000
0000110111001100010101110011000101011000110011100010111001011101000010110010100101000000000000000000000000000000000000000000000000000000000000000000000000000000000000
1011111101111111100111000111100110101011101011000000110110101110010011001110101100000000000000000000000000000000000000000000000000000000000000000000000000000000000000
0111101010010100000010111110001010110000111100000011111111010010010110111101000100000000000000000000000000000000000000000000000000000000000000000000000000000000000000
0110110011100100111100010111111101001101110001011111000000000100000001110111011100100000000000000000000000000000000000000000000000000000000000000000000000000000000000
0001000001101010111101100101110011111000010110010111000111100100101101110001101001100000000000000000000000000000000000000000000000000000000000000000000000000000000000
1100110010111001111010010111110011110000000110010100110010111001011001100110011100000000000000000000000000000000000000000000000000000000000000000000000000000000000000
1100100101010101010011110011100111010000100100000100000001101101001110100111001011100000000000000000000000000000000000000000000000000000000000000000000000000000000000
0110111110101100110110100000101111001011110010110101011010101100000011010100110101000000000000000000000000000000000000000000000000000000000000000000000000000000000000
1011110111011001000000101111100111111010010100010000110001110101110001110100101100000000000000000000000000000000000000000000000000000000000000000000000000000000000000
1000001111110111100011101011011100001100100011110101101010100101111001000001000010000000000000000000000000000000000000000000000000000000000000000000000000000000000000
0111111111000110001011000101011100110011100100100010011101001000101110100101011100100000000000000000000000000000000000000000000000000000000000000000000000000000000000
1111011111100111111110010001000001100010101111111110110110000010101111101101001010100000000000000000000000000000000000000000000000000000000000000000000000000000000000
1011000010101011110101000011100000000001011101000011011001100110011100011111000110000000000000000000000000000000000000000000000000000000000000000000000000000000000000
0000011111110100101110010011010111010010100111110001100101000001011010100010011000100000000000000000000000000000000000000000000000000000000000000000000000000000000000
0001101011101100100110011010100011010001111000110101001010110110011010111000011011000000000000000000000000000000000000000000000000000000000000000000000000000000000000
0000011000011010000011001100000100000101011011001011111000110010111010111011110001000000000000000000000000000000000000000000000000000000000000000000000000000000000000
0100011111010000000101110100111100100111001110100010000011011011011010001101100011100000000000000000000000000000000000000000000000000000000000000000000000000000000000
1000110111101111110010001001010110010110101111100010100101101111010000101111100001100000000000000000000000000000000000000000000000000000000000000000000000000000000000
1011010111011011010010000001101001100101000011001100000110001101100010100001111110100000000000000000000000000000000000000000000000000000000000000000000000000000000000
1001000011010101010100111001111101110010110110001000110111101001010110010011000010000000000000000000000000000000000000000000000000000000000000000000000000000000000000
0111011010110110111010010010011100111111110011011011011011111100110100010110001000100000000000000000000000000000000000000000000000000000000000000000000000000000000000
1111110111011111000101110001010011101000111011101101101010011110110111111101110111000000000000000000000000000000000000000000000000000000000000000000000000000000000000
0010000100101110101100111010001100000111101101000000100010110010000101001100100010100000000000000000000000000000000000000000000000000000000000000000000000000000000000
1110101100110011110101111110111001010001001010101110111001110111001001001000000000100000000000000000000000000000000000000000000000000000000000000000000000000000000000
0100110111001010010000101101110001001010011100011111100010110110000100111011111110000000000000000000000000000000000000000000000000000000000000000000000000000000000000
1100101101001101010100000100100100100010100001100101010111111000000011000100000100100000000000000000000000000000000000000000000000000000000000000000000000000000000000
0010110001011100011001010110001011111100100100010011001010100001101000100111001000100000000000000000000000000000000000000000000000000000000000000000000000000000000000
1011000101100111110110100101101100110001100111010111111001100100111010100000001111100000000000000000000000000000000000000000000000000000000000000000000000000000000000
0110111001000010011011111111111100011100001110001111000111011111100011001101011100100000000000000000000000000000000000000000000000000000000000000000000000000000000000
1101010110100011110110100101000000000100000111111010110011101001101110100100100001100000000000000000000000000000000000000000000000000000000000000000000000000000000000
1110110011000111011011101101101110000011101101011111011100110110010011101010011000000000000000000000000000000000000000000000000000000000000000000000000000000000000000
1000000111001101001010100101000000011001100000111010000001000001110010000100101101000000000000000000000000000000000000000000000000000000000000000000000000000000000000
1101101001010101001010011000011001001001110111010111100001010000100111010011101011100000000000000000000000000000000000000000000000000000000000000000000000000000000000
0100111000111100111010000101100001101111100101000100101001010000101001000001011000100000000000000000000000000000000000000000000000000000000000000000000000000000000000
1011111000001101000100111110101000111000101011100101000111100010011010101000101010100000000000000000000000000000000000000000000000000000000000000000000000000000000000
0100111010000010011010011010100011001100011111110101111000011110000110011000010111100000000000000000000000000000000000000000000000000000000000000000000000000000000000
1010100001111101111010010111011111000101100110111001111000110100001101100010110010000000000000000000000000000000000000000000000000000000000000000000000000000000000000
0111110010001110000001110010001110110101100111001000000111100000101100000110110101000000000000000000000000000000000000000000000000000000000000000000000000000000000000
1011001111100011111111110100110010000111011110101001000011001110011110111100101111100000000000000000000000000000000000000000000000000000000000000000000000000000000000
1111000111111101111101011101000101100111110100110101001110110000010101010110111011100000000000000000000000000000000000000000000000000000000000000000000000000000000000
1101011011101011111100010010010010000010000100010000101001000001101100000111001000000000000000000000000000000000000000000000000000000000000000000000000000000000000000
0101101110011000000000111101011001010000010111101101100000010001010101010111000110100000000000000000000000000000000000000000000000000000000000000000000000000000000000
0101000001001110010110000010011000001101111111000100100001111110101101011110010010100000000000000000000000000000000000000000000000000000000000000000000000000000000000
0000001101001000001010110111010010000110000011101010011010101000000010100011101001100000000000000000000000000000000000000000000000000000000000000000000000000000000000
0011001000001100011011101000101101111001111000111101111111111110101010011110100010100000000000000000000000000000000000000000000000000000000000000000000000000000000000
1111010000010001010100111001010001000111010110100101111101100100000010010111101100000000000000000000000000000000000000000000000000000000000000000000000000000000000000
0010110110110010110100001001011000101011011000101001010111010010001000111110100001000000000000000000000000000000000000000000000000000000000000000000000000000000000000
0000100101010010011111101110011111101011010001010111111011000101011100010101110100000000000000000000000000000000000000000000000000000000000000000000000000000000000000
0111010000010000011101111010011101101110001100001011011100100111010110101100001000100000000000000000000000000000000000000000000000000000000000000000000000000000000000
1111011101111011110000110111011100100110010011100001011010111101000110010010100101100000000000000000000000000000000000000000000000000000000000000000000000000000000000
0100010010011000001111000011101110100001001101001000011001110011011000101110001010000000000000000000000000000000000000000000000000000000000000000000000000000000000000
1011101101111101100011111100100001011100110101101010011000001001100100010110010010000000000000000000000000000000000000000000000000000000000000000000000000000000000000
0010001001000100001000110100000001100110101000000100000101101011000001001001101011000000000000000000000000000000000000000000000000000000000000000000000000000000000000
0001101110011110000101100011101101000010111000010000111011111010010011011110011101100000000000000000000000000000000000000000000000000000000000000000000000000000000000
0111101111100110100001000111000100100011111100100110001110011110011111011011000010100000000000000000000000000000000000000000000000000000000000000000000000000000000000
0011000101000100010001011111111111111111111011010111100101010110101000111101001011000000000000000000000000000000000000000000000000000000000000000000000000000000000000
1000011010000111000100101001010101101000111101111010110101001110000111111111111010100000000000000000000000000000000000000000000000000000000000000000000000000000000000
0010110011100010111001001001001001011111011110100010011011101111000111111110000111100000000000000000000000000000000000000000000000000000000000000000000000000000000000
1110101100010001011011000111100110110110001100000000000100000110001111101110100000100000000000000000000000000000000000000000000000000000000000000000000000000000000000
1111011101011001011110001110000011000001010101001111100111001100000000110100000101100000000000000000000000000000000000000000000000000000000000000000000000000000000000
0010000110010000001100100101001110100100010111110001110011111100101010010101101101100000000000000000000000000000000000000000000000000000000000000000000000000000000000
1010111001000101010111100010000100100111111011011100111101110111110001111111100011000000000000000000000000000000000000000000000000000000000000000000000000000000000000
1100001111010011001000001100110111111001001010100110001100111111111001101110111001000000000000000000000000000000000000000000000000000000000000000000000000000000000000
0110110110010110011111101110110011011110110001111010110001001000001000010001011010000000000000000000000000000000000000000000000000000000000000000000000000000000000000
0000100111001110010001001000000010101111101101001000010111111010110101101010011011000000000000000000000000000000000000000000000000000000000000000000000000000000000000
1111011101011001011110001110000011000001010101001111100111001100000000110100000101100000000000000000000000000000000000000000000000000000000000000000000000000000000000
0100011000111110101000101011101111110000110010011000011110101000111010010100001010000000000000000000000000000000000000000000000000000000000000000000000000000000000000
1111100111111111101111110011001011111000100011101001111001001000000110000011101001000000000000000000000000000000000000000000000000000000000000000000000000000000000000
0011111101011100000000111101110101100101110111000000101010011100000001010011101000100000000000000000000000000000000000000000000000000000000000000000000000000000000000
0000001000111010101001001110011100010101000011001111101011100100001011000101101111000000000000000000000000000000000000000000000000000000000000000000000000000000000000
1111111000001011000001100000011100101010000100011000011100001001011100100001110001100000000000000000000000000000000000000000000000000000000000000000000000000000000000
0010011001100100100010110110011001110110110000000000010110111101110000110111110101000000000000000000000000000000000000000000000000000000000000000000000000000000000000
1010111011111011110111111101000110000100000001101101101100111001011110100110101100000000000000000000000000000000000000000000000000000000000000000000000000000000000000
0001000100111010110000100101100010001100010000011100001011011001100010110001001111000000000000000000000000000000000000000000000000000000000000000000000000000000000000
1101111011101001101110111100011100011101010011001100011110111001111111010010011010100000000000000000000000000000000000000000000000000000000000000000000000000000000000
0100011111010000000101110100111100100111001110100010000011011011011010001101100011100000000000000000000000000000000000000000000000000000000000000000000000000000000000
1111110101100001100101101110010001001011000001011100111011010000011000100100111000000000000000000000000000000000000000000000000000000000000000000000000000000000000000
1001011011101101111001001100100110010000101011101101110010101010101010001110010011000000000000000000000000000000000000000000000000000000000000000000000000000000000000
1011111101011101001001111110111001001100101101101110001011011111010101101000001100000000000000000000000000000000000000000000000000000000000000000000000000000000000000
0010001100010100000101110100010000010010101110001111001001010110001110001001001101100000000000000000000000000000000000000000000000000000000000000000000000000000000000
0100000000100100101011100111101011110101101001010011100110011010000000101111111011000000000000000000000000000000000000000000000000000000000000000000000000000000000000
1010110011100011110000001010000101110110000100001100111010101100010011000101100011000000000000000000000000000000000000000000000000000000000000000000000000000000000000
0000010101010010001001111011010110000011011000100001100010011010111000011000011000100000000000000000000000000000000000000000000000000000000000000000000000000000000000
0011010010101000111000111011101011011111011001000111010110000010111111111100011100100000000000000000000000000000000000000000000000000000000000000000000000000000000000
1110110110010111010110101101111111110111101011010100010000001011011100101010111110100000000000000000000000000000000000000000000000000000000000000000000000000000000000
1011001111000001010001001101101101100000011000000111111110111111011000011010001111100000000000000000000000000000000000000000000000000000000000000000000000000000000000
1001111011101111101011100010101000001111111100110001000101010010111001011011000001100000000000000000000000000000000000000000000000000000000000000000000000000000000000
1110000110010111000000111000110110011111100010100010001001010100111000100111010010000000000000000000000000000000000000000000000000000000000000000000000000000000000000
1001100011110101101000101110101100001010100111111010111101100000000011100000110000100000000000000000000000000000000000000000000000000000000000000000000000000000000000
1110011100110011100011101011110000111001000011011000100000101000101101000101101100000000000000000000000000000000000000000000000000000000000000000000000000000000000000
0111110010001110000001110010001110110101100111001000000111100000101100000110110101000000000000000000000000000000000000000000000000000000000000000000000000000000000000
1101111001010111001110100011011110111110101001111101001111110111010000001011010101100000000000000000000000000000000000000000000000000000000000000000000000000000000000
1110101011111111110110011000110101100001110000111010011001110101101111110111001001000000000000000000000000000000000000000000000000000000000000000000000000000000000000
0010011011011010000010101001011011010101001010110001000111110011011111101110111010000000000000000000000000000000000000000000000000000000000000000000000000000000000000
0001110011110110100101010110100111010100100011111110110010000100100000000011101010000000000000000000000000000000000000000000000000000000000000000000000000000000000000
0010010001111100100101000001011010000100110101100001000000101000111101010100111010000000000000000000000000000000000000000000000000000000000000000000000000000000000000
1111101010010101001011111101000110011001100110101101011110010001000010000110100000100000000000000000000000000000000000000000000000000000000000000000000000000000000000
0001010110000110010100000001100111011000110100000111110100110000111010110000111110000000000000000000000000000000000000000000000000000000000000000000000000000000000000
0100010000000100000001100101110011100101110001010111110101001100110001010001100101000000000000000000000000000000000000000000000000000000000000000000000000000000000000
0011001010010000010101001110110000111101000100100010010011000001000011100001001101100000000000000000000000000000000000000000000000000000000000000000000000000000000000
0001001001010000010100101011101111101101010101011000101100000000100110110100000110100000000000000000000000000000000000000000000000000000000000000000000000000000000000
0001001011101110110100110100101101001110101111101001111101001110001001101101001001100000000000000000000000000000000000000000000000000000000000000000000000000000000000
0000110000100010111000101100010110001111001111011000100100101110100010101011001100100000000000000000000000000000000000000000000000000000000000000000000000000000000000
0111101010010100000010111110001010110000111100000011111111010010010110111101000100000000000000000000000000000000000000000000000000000000000000000000000000000000000000
0001011100000010011101010000111001101110001101111001001110011010011110101100011110000000000000000000000000000000000000000000000000000000000000000000000000000000000000
0001111001110010101100000111111001100010011010000000001000101110000100011111001010000000000000000000000000000000000000000000000000000000000000000000000000000000000000
1111110111111101101011001000001100001111111101000011010111101111110001011011010111000000000000000000000000000000000000000000000000000000000000000000000000000000000000
1001111011101111101011100010101000001111111100110001000101010010111001011011000001100000000000000000000000000000000000000000000000000000000000000000000000000000000000
1101100001001101001101101111011010111011110010110110110111000101101010110000100100100000000000000000000000000000000000000000000000000000000000000000000000000000000000
0111110000110000100001101101001100010110011101111001010110101110000011011111111010000000000000000000000000000000000000000000000000000000000000000000000000000000000000
0010011100110100101111110110001000000010110110001011011010000000111111110111010011100000000000000000000000000000000000000000000000000000000000000000000000000000000000
1011101101011111001101000101111110111011110011000100100101111000100010110000110010000000000000000000000000000000000000000000000000000000000000000000000000000000000000
1100110111001011011001101110111101100011000110110001000011110101010000000000011010100000000000000000000000000000000000000000000000000000000000000000000000000000000000
0110110001111000110010110001100000001001001101000000101100111011101000001000110011100000000000000000000000000000000000000000000000000000000000000000000000000000000000
0011111000101110100011000100111011110110110111100101011011010000001000110101101110000000000000000000000000000000000000000000000000000000000000000000000000000000000000
1111001101011011011010110101000100110110001011100101001001101011110111101100111011100000000000000000000000000000000000000000000000000000000000000000000000000000000000
0101000011110000110110011101011010101110000101110101110000110000000010000111011101100000000000000000000000000000000000000000000000000000000000000000000000000000000000
1011010010101001110001111000100111110110000011101001110111000001101011000111111000000000000000000000000000000000000000000000000000000000000000000000000000000000000000
0100101000111110111110111110100110011000111011101110000111110111011110011001100110100000000000000000000000000000000000000000000000000000000000000000000000000000000000
0000000000000000000000000000000000000000000000000000000000000000000000000000000000000000000000000000000000000000000000000000000000000000000000000000000000000000000000
0000000000000000000000000000000000000000000000000000000000000000000000000000000000000000000000000000000000000000000000000000000000000000000000000000000000000000000000
